769	378	378	10310	0	15	24	38	32	46	19	26	62	21
951	10310	29199	29349	0	20	13	36	68	14	12	19	35	17
638	29349	39472	46664	0	18	17	51	43	16	12	21	30	29
966	46664	55557	60454	0	30	37	21	17	18	16	53	38	25
392	60454	64131	65742	0	31	21	20	12	64	66	57	46	15
653	65742	77477	78977	0	20	28	15	75	16	54	38	14	13
369	78977	97537	99877	0	20	13	36	68	14	12	19	35	17
402	99877	106347	106734	0	31	21	20	12	64	66	57	46	15
706	106734	108839	113309	0	20	13	36	68	14	12	19	35	17
933	113309	113309	113549	0	20	13	36	68	14	12	19	35	17
888	113549	130190	140310	0	61	28	15	20	59	36	19	29	16
365	140310	154370	155963	0	31	21	20	12	64	66	57	46	15
60	155963	156462	163530	0	18	17	51	43	16	12	21	30	29
204	163530	169151	170474	0	31	21	20	12	64	66	57	46	15
446	170474	190109	195621	0	15	24	38	32	46	19	26	62	21
901	195621	213837	214080	0	31	21	20	12	64	66	57	46	15
714	214080	214080	215368	4	12	32	24	14	68	38	46	13	16
990	214080	224185	231704	0	19	12	53	15	30	23	29	47	35
150	231704	234787	241915	0	61	28	15	20	59	36	19	29	16
432	241915	241915	252723	4	12	32	24	14	68	38	46	13	16
19	251447	252723	262447	0	15	24	38	32	46	19	26	62	21
864	262447	262447	271807	0	15	24	38	32	46	19	26	62	21
179	271807	279610	289699	0	30	37	21	17	18	16	53	38	25
357	289699	289699	295219	3	13	14	22	12	20	16	25	21	33
439	289699	297544	300619	0	20	28	15	75	16	54	38	14	13
6	300619	320051	327799	0	15	24	38	32	46	19	26	62	21
22	327799	344011	346057	0	18	17	51	43	16	12	21	30	29
83	346057	365184	375039	0	19	12	53	15	30	23	29	47	35
492	375039	378122	385778	0	61	28	15	20	59	36	19	29	16
896	385778	385778	399138	3	13	14	22	12	20	16	25	21	33
650	398890	399138	399258	0	20	13	36	68	14	12	19	35	17
370	399258	408238	408651	0	30	37	21	17	18	16	53	38	25
558	408651	423386	426194	0	15	24	38	32	46	19	26	62	21
766	426194	426194	433754	4	12	32	24	14	68	38	46	13	16
838	433754	433754	438174	0	15	24	38	32	46	19	26	62	21
946	438174	457951	461426	0	20	28	15	75	16	54	38	14	13
594	461426	479986	482476	0	20	13	36	68	14	12	19	35	17
943	482476	494863	508368	0	19	12	53	15	30	23	29	47	35
117	508368	508368	513688	4	12	32	24	14	68	38	46	13	16
832	508368	517608	518409	0	31	21	20	12	64	66	57	46	15
781	518409	524996	529952	0	30	37	21	17	18	16	53	38	25
873	529952	529952	532352	3	13	14	22	12	20	16	25	21	33
62	529952	545105	548165	0	20	13	36	68	14	12	19	35	17
260	548165	564806	573694	0	61	28	15	20	59	36	19	29	16
559	573694	573694	580414	4	12	32	24	14	68	38	46	13	16
390	573694	591907	600757	0	30	37	21	17	18	16	53	38	25
735	600757	615492	620848	0	15	24	38	32	46	19	26	62	21
99	620848	620848	623008	3	13	14	22	12	20	16	25	21	33
72	620848	639737	645707	0	20	13	36	68	14	12	19	35	17
688	645707	664749	669249	0	20	28	15	75	16	54	38	14	13
123	669249	669249	673001	4	12	32	24	14	68	38	46	13	16
452	670671	673001	689809	0	61	28	15	20	59	36	19	29	16
214	689809	689809	695857	4	12	32	24	14	68	38	46	13	16
333	689809	706728	707403	0	20	28	15	75	16	54	38	14	13
97	707403	723178	730370	0	18	17	51	43	16	12	21	30	29
941	730370	735991	736549	0	31	21	20	12	64	66	57	46	15
913	736549	743136	752163	0	30	37	21	17	18	16	53	38	25
931	752163	764236	773846	0	18	17	51	43	16	12	21	30	29
947	773846	779467	780007	0	31	21	20	12	64	66	57	46	15
61	780007	780007	783687	3	13	14	22	12	20	16	25	21	33
885	780007	799642	806662	0	15	24	38	32	46	19	26	62	21
119	806662	824878	826165	0	31	21	20	12	64	66	57	46	15
799	826165	828270	833130	0	20	13	36	68	14	12	19	35	17
349	833130	852172	855222	0	20	28	15	75	16	54	38	14	13
126	855222	867162	877959	0	30	37	21	17	18	16	53	38	25
801	877959	877959	878726	0	30	37	21	17	18	16	53	38	25
754	878726	893879	895919	0	20	13	36	68	14	12	19	35	17
671	895919	912560	928400	0	61	28	15	20	59	36	19	29	16
733	928400	946613	956112	0	30	37	21	17	18	16	53	38	25
382	956112	971265	975765	0	20	13	36	68	14	12	19	35	17
684	975765	992406	1001558	0	61	28	15	20	59	36	19	29	16
338	1001558	1001806	1005856	0	20	13	36	68	14	12	19	35	17
450	1005856	1005856	1015376	4	12	32	24	14	68	38	46	13	16
599	1005856	1015979	1026023	0	18	17	51	43	16	12	21	30	29
466	1026023	1031644	1031869	0	31	21	20	12	64	66	57	46	15
249	1031869	1043604	1046704	0	20	28	15	75	16	54	38	14	13
183	1046704	1046704	1051129	0	20	28	15	75	16	54	38	14	13
68	1051129	1051129	1053904	0	20	28	15	75	16	54	38	14	13
795	1053904	1065878	1065914	0	31	21	20	12	64	66	57	46	15
889	1065914	1065914	1067642	0	31	21	20	12	64	66	57	46	15
3	1067642	1077747	1083733	0	19	12	53	15	30	23	29	47	35
155	1083733	1088149	1091453	0	30	37	21	17	18	16	53	38	25
516	1091453	1099298	1100898	0	20	28	15	75	16	54	38	14	13
232	1100898	1103228	1105428	0	61	28	15	20	59	36	19	29	16
27	1105428	1105676	1110896	0	20	13	36	68	14	12	19	35	17
254	1110896	1127537	1131145	0	61	28	15	20	59	36	19	29	16
728	1131145	1148064	1150814	0	20	28	15	75	16	54	38	14	13
887	1150814	1150814	1161118	4	12	32	24	14	68	38	46	13	16
197	1161118	1161118	1161193	0	20	28	15	75	16	54	38	14	13
138	1161193	1163523	1175139	0	61	28	15	20	59	36	19	29	16
999	1175139	1176415	1185203	0	15	24	38	32	46	19	26	62	21
102	1185203	1201415	1207367	0	18	17	51	43	16	12	21	30	29
469	1207367	1221961	1223636	0	20	28	15	75	16	54	38	14	13
273	1223636	1223636	1226436	3	13	14	22	12	20	16	25	21	33
962	1223636	1243068	1251544	0	15	24	38	32	46	19	26	62	21
191	1251544	1271321	1274421	0	20	28	15	75	16	54	38	14	13
444	1274421	1293853	1295361	0	15	24	38	32	46	19	26	62	21
297	1295361	1315138	1316088	0	20	28	15	75	16	54	38	14	13
925	1316088	1334648	1337768	0	20	13	36	68	14	12	19	35	17
895	1337768	1337768	1353528	3	13	14	22	12	20	16	25	21	33
434	1347058	1353528	1354941	0	31	21	20	12	64	66	57	46	15
798	1354941	1355618	1366178	0	61	28	15	20	59	36	19	29	16
868	1366178	1367454	1373642	0	15	24	38	32	46	19	26	62	21
81	1373642	1393419	1394569	0	20	28	15	75	16	54	38	14	13
512	1394569	1402245	1416188	0	19	12	53	15	30	23	29	47	35
545	1416188	1420604	1424262	0	30	37	21	17	18	16	53	38	25
967	1424262	1432107	1432157	0	20	28	15	75	16	54	38	14	13
851	1432157	1451589	1461989	0	15	24	38	32	46	19	26	62	21
663	1461989	1461989	1466693	4	12	32	24	14	68	38	46	13	16
936	1461989	1480205	1481168	0	31	21	20	12	64	66	57	46	15
877	1481168	1481168	1483352	4	12	32	24	14	68	38	46	13	16
407	1483352	1483352	1484117	0	31	21	20	12	64	66	57	46	15
14	1484117	1484616	1487716	0	18	17	51	43	16	12	21	30	29
847	1487716	1493337	1493931	0	31	21	20	12	64	66	57	46	15
702	1493931	1496036	1496306	0	20	13	36	68	14	12	19	35	17
813	1496306	1496306	1499486	0	20	13	36	68	14	12	19	35	17
596	1499486	1505956	1506910	0	31	21	20	12	64	66	57	46	15
730	1506910	1506910	1516990	4	12	32	24	14	68	38	46	13	16
970	1506910	1518645	1521095	0	20	28	15	75	16	54	38	14	13
959	1521095	1539655	1543825	0	20	13	36	68	14	12	19	35	17
886	1543825	1543825	1547935	0	20	13	36	68	14	12	19	35	17
316	1547935	1564576	1571968	0	61	28	15	20	59	36	19	29	16
153	1571968	1573244	1581876	0	15	24	38	32	46	19	26	62	21
824	1581876	1600765	1602055	0	20	13	36	68	14	12	19	35	17
224	1602055	1612178	1622346	0	18	17	51	43	16	12	21	30	29
54	1622346	1622346	1622570	4	12	32	24	14	68	38	46	13	16
38	1622346	1627967	1629380	0	31	21	20	12	64	66	57	46	15
375	1629380	1630057	1637361	0	61	28	15	20	59	36	19	29	16
433	1637361	1637361	1640561	3	13	14	22	12	20	16	25	21	33
50	1637361	1651421	1652915	0	31	21	20	12	64	66	57	46	15
997	1652915	1652915	1655491	4	12	32	24	14	68	38	46	13	16
522	1654992	1655491	1664605	0	18	17	51	43	16	12	21	30	29
794	1664605	1682088	1685432	0	61	28	15	20	59	36	19	29	16
826	1685432	1685432	1694632	3	13	14	22	12	20	16	25	21	33
196	1694384	1694632	1696642	0	20	13	36	68	14	12	19	35	17
186	1696642	1713283	1724547	0	61	28	15	20	59	36	19	29	16
351	1724547	1737235	1741542	0	19	12	53	15	30	23	29	47	35
556	1741542	1751937	1756162	0	20	28	15	75	16	54	38	14	13
856	1756162	1771937	1774789	0	18	17	51	43	16	12	21	30	29
680	1774789	1774789	1777579	0	18	17	51	43	16	12	21	30	29
785	1777579	1777579	1780059	0	18	17	51	43	16	12	21	30	29
489	1780059	1780059	1786569	0	18	17	51	43	16	12	21	30	29
47	1786569	1786569	1790847	0	18	17	51	43	16	12	21	30	29
892	1790847	1796468	1796855	0	31	21	20	12	64	66	57	46	15
635	1796855	1798960	1803490	0	20	13	36	68	14	12	19	35	17
845	1803490	1813613	1823905	0	18	17	51	43	16	12	21	30	29
960	1823905	1832798	1842356	0	30	37	21	17	18	16	53	38	25
18	1842356	1853115	1867899	0	61	28	15	20	59	36	19	29	16
428	1867899	1867899	1873659	3	13	14	22	12	20	16	25	21	33
80	1873659	1873659	1880995	4	12	32	24	14	68	38	46	13	16
993	1879719	1880995	1889211	0	15	24	38	32	46	19	26	62	21
353	1889211	1900822	1910414	0	61	28	15	20	59	36	19	29	16
550	1910414	1911690	1919022	0	15	24	38	32	46	19	26	62	21
894	1919022	1919022	1928942	3	13	14	22	12	20	16	25	21	33
944	1919022	1930633	1934945	0	61	28	15	20	59	36	19	29	16
507	1934945	1949005	1950301	0	31	21	20	12	64	66	57	46	15
114	1950301	1950301	1953941	4	12	32	24	14	68	38	46	13	16
318	1953941	1953941	1954175	0	31	21	20	12	64	66	57	46	15
797	1954175	1965910	1968160	0	20	28	15	75	16	54	38	14	13
313	1968160	1983935	1993607	0	18	17	51	43	16	12	21	30	29
372	1993607	1999228	1999390	0	31	21	20	12	64	66	57	46	15
48	1999390	2011125	2012775	0	20	28	15	75	16	54	38	14	13
881	2012775	2032207	2036575	0	15	24	38	32	46	19	26	62	21
128	2036575	2048186	2056282	0	61	28	15	20	59	36	19	29	16
41	2056282	2056282	2059162	3	13	14	22	12	20	16	25	21	33
161	2056282	2073201	2076826	0	20	28	15	75	16	54	38	14	13
169	2076826	2076826	2091226	3	13	14	22	12	20	16	25	21	33
281	2076826	2095386	2096376	0	20	13	36	68	14	12	19	35	17
381	2096376	2109011	2118683	0	15	24	38	32	46	19	26	62	21
100	2118683	2137572	2139702	0	20	13	36	68	14	12	19	35	17
435	2139702	2152089	2159243	0	19	12	53	15	30	23	29	47	35
74	2159243	2176908	2187324	0	18	17	51	43	16	12	21	30	29
53	2187324	2196217	2205067	0	30	37	21	17	18	16	53	38	25
298	2205067	2205067	2209492	0	30	37	21	17	18	16	53	38	25
829	2209492	2224645	2228905	0	20	13	36	68	14	12	19	35	17
325	2228905	2241292	2250417	0	19	12	53	15	30	23	29	47	35
704	2250417	2257786	2261926	0	20	13	36	68	14	12	19	35	17
501	2261926	2261926	2264836	0	20	13	36	68	14	12	19	35	17
52	2264836	2281477	2292389	0	61	28	15	20	59	36	19	29	16
132	2292389	2292389	2297669	3	13	14	22	12	20	16	25	21	33
255	2292389	2306449	2308159	0	31	21	20	12	64	66	57	46	15
676	2308159	2308159	2318575	4	12	32	24	14	68	38	46	13	16
139	2318076	2318575	2327379	0	18	17	51	43	16	12	21	30	29
651	2327379	2342092	2343028	0	15	24	38	32	46	19	26	62	21
608	2343028	2361244	2362225	0	31	21	20	12	64	66	57	46	15
617	2362225	2362225	2367937	4	12	32	24	14	68	38	46	13	16
833	2365832	2367937	2369317	0	20	13	36	68	14	12	19	35	17
115	2369317	2388359	2390709	0	20	28	15	75	16	54	38	14	13
103	2390709	2390709	2392309	3	13	14	22	12	20	16	25	21	33
717	2390709	2402683	2403286	0	31	21	20	12	64	66	57	46	15
482	2403286	2405391	2409681	0	20	13	36	68	14	12	19	35	17
121	2409681	2419804	2423710	0	18	17	51	43	16	12	21	30	29
930	2423710	2429331	2430096	0	31	21	20	12	64	66	57	46	15
317	2430096	2430096	2444976	3	13	14	22	12	20	16	25	21	33
775	2444299	2444976	2455536	0	61	28	15	20	59	36	19	29	16
867	2455536	2455536	2461752	4	12	32	24	14	68	38	46	13	16
356	2455536	2472455	2472505	0	20	28	15	75	16	54	38	14	13
870	2472505	2484479	2485955	0	31	21	20	12	64	66	57	46	15
575	2485955	2497690	2498890	0	20	28	15	75	16	54	38	14	13
789	2498890	2506566	2520144	0	19	12	53	15	30	23	29	47	35
140	2520144	2529384	2530392	0	31	21	20	12	64	66	57	46	15
504	2530392	2532497	2536967	0	20	13	36	68	14	12	19	35	17
354	2536967	2549354	2557092	0	19	12	53	15	30	23	29	47	35
190	2557092	2566332	2567835	0	31	21	20	12	64	66	57	46	15
544	2567835	2567835	2575059	4	12	32	24	14	68	38	46	13	16
147	2568472	2575059	2580015	0	30	37	21	17	18	16	53	38	25
991	2580015	2590774	2603622	0	61	28	15	20	59	36	19	29	16
538	2603622	2603622	2611350	4	12	32	24	14	68	38	46	13	16
540	2611350	2611350	2612150	3	13	14	22	12	20	16	25	21	33
164	2603622	2620541	2624566	0	20	28	15	75	16	54	38	14	13
51	2624566	2626896	2629624	0	61	28	15	20	59	36	19	29	16
822	2629624	2629624	2639872	4	12	32	24	14	68	38	46	13	16
443	2629624	2647837	2651082	0	30	37	21	17	18	16	53	38	25
96	2651082	2657783	2659170	0	19	12	53	15	30	23	29	47	35
511	2659170	2659170	2662290	3	13	14	22	12	20	16	25	21	33
610	2662290	2662290	2671330	3	13	14	22	12	20	16	25	21	33
388	2663961	2671330	2676550	0	20	13	36	68	14	12	19	35	17
987	2676550	2676550	2682598	4	12	32	24	14	68	38	46	13	16
747	2676550	2693191	2708943	0	61	28	15	20	59	36	19	29	16
744	2708943	2726681	2728479	0	18	17	51	43	16	12	21	30	29
423	2728479	2743073	2745173	0	20	28	15	75	16	54	38	14	13
737	2745173	2747503	2749703	0	61	28	15	20	59	36	19	29	16
236	2749703	2767441	2779717	0	18	17	51	43	16	12	21	30	29
348	2779717	2785338	2786499	0	31	21	20	12	64	66	57	46	15
646	2786499	2796604	2803393	0	19	12	53	15	30	23	29	47	35
800	2803393	2806476	2818532	0	61	28	15	20	59	36	19	29	16
731	2818532	2818532	2823460	0	61	28	15	20	59	36	19	29	16
329	2823460	2841198	2852482	0	18	17	51	43	16	12	21	30	29
762	2852482	2867076	2868201	0	20	28	15	75	16	54	38	14	13
805	2868201	2870531	2875371	0	61	28	15	20	59	36	19	29	16
490	2875371	2893109	2902533	0	18	17	51	43	16	12	21	30	29
957	2902533	2917127	2918677	0	20	28	15	75	16	54	38	14	13
285	2918677	2930651	2931173	0	31	21	20	12	64	66	57	46	15
875	2931173	2941278	2946753	0	19	12	53	15	30	23	29	47	35
808	2946753	2946753	2953697	4	12	32	24	14	68	38	46	13	16
696	2953697	2953697	2957493	0	19	12	53	15	30	23	29	47	35
419	2957493	2960576	2969288	0	61	28	15	20	59	36	19	29	16
900	2969288	2987026	2994838	0	18	17	51	43	16	12	21	30	29
840	2994838	2994838	3003238	4	12	32	24	14	68	38	46	13	16
269	3003238	3003238	3019078	3	13	14	22	12	20	16	25	21	33
283	3004484	3019078	3019353	0	20	28	15	75	16	54	38	14	13
421	3019353	3031327	3032767	0	31	21	20	12	64	66	57	46	15
817	3032767	3052402	3053390	0	15	24	38	32	46	19	26	62	21
618	3053390	3053390	3055790	3	13	14	22	12	20	16	25	21	33
343	3053390	3069602	3071152	0	18	17	51	43	16	12	21	30	29
971	3071152	3071152	3078352	3	13	14	22	12	20	16	25	21	33
710	3071152	3085865	3091169	0	15	24	38	32	46	19	26	62	21
738	3091169	3105087	3113190	0	19	12	53	15	30	23	29	47	35
253	3113190	3113190	3123830	3	13	14	22	12	20	16	25	21	33
859	3116461	3123830	3128450	0	20	13	36	68	14	12	19	35	17
862	3128450	3134920	3136693	0	31	21	20	12	64	66	57	46	15
188	3136693	3143280	3143870	0	30	37	21	17	18	16	53	38	25
584	3143870	3143870	3144430	3	13	14	22	12	20	16	25	21	33
120	3143870	3155943	3166855	0	18	17	51	43	16	12	21	30	29
321	3166855	3185982	3197224	0	19	12	53	15	30	23	29	47	35
442	3197224	3201640	3202230	0	30	37	21	17	18	16	53	38	25
778	3202230	3202230	3204000	0	30	37	21	17	18	16	53	38	25
438	3204000	3216073	3220599	0	18	17	51	43	16	12	21	30	29
908	3220599	3238082	3251634	0	61	28	15	20	59	36	19	29	16
437	3251634	3251634	3255946	4	12	32	24	14	68	38	46	13	16
844	3251634	3269847	3273918	0	30	37	21	17	18	16	53	38	25
679	3273918	3281763	3284188	0	20	28	15	75	16	54	38	14	13
307	3284188	3286518	3291446	0	61	28	15	20	59	36	19	29	16
836	3291446	3304134	3317128	0	19	12	53	15	30	23	29	47	35
820	3317128	3317128	3325158	0	19	12	53	15	30	23	29	47	35
548	3325158	3335553	3338478	0	20	28	15	75	16	54	38	14	13
827	3338478	3357038	3360518	0	20	13	36	68	14	12	19	35	17
341	3360518	3379560	3380735	0	20	28	15	75	16	54	38	14	13
2	3380735	3392675	3399637	0	30	37	21	17	18	16	53	38	25
815	3399637	3399637	3409313	0	30	37	21	17	18	16	53	38	25
230	3409313	3424466	3424886	0	20	13	36	68	14	12	19	35	17
462	3424886	3435009	3442883	0	18	17	51	43	16	12	21	30	29
85	3442883	3448504	3450214	0	31	21	20	12	64	66	57	46	15
985	3450214	3452319	3456069	0	20	13	36	68	14	12	19	35	17
703	3456069	3468704	3477960	0	15	24	38	32	46	19	26	62	21
787	3477960	3477960	3489160	4	12	32	24	14	68	38	46	13	16
637	3477960	3494172	3504402	0	18	17	51	43	16	12	21	30	29
863	3504402	3510023	3510761	0	31	21	20	12	64	66	57	46	15
603	3510761	3510761	3520897	4	12	32	24	14	68	38	46	13	16
639	3520897	3520897	3523473	4	12	32	24	14	68	38	46	13	16
481	3522974	3523473	3529611	0	18	17	51	43	16	12	21	30	29
853	3529611	3544324	3545312	0	15	24	38	32	46	19	26	62	21
988	3545312	3565089	3566264	0	20	28	15	75	16	54	38	14	13
235	3566264	3578238	3579660	0	31	21	20	12	64	66	57	46	15
323	3579660	3579660	3584380	3	13	14	22	12	20	16	25	21	33
597	3583881	3584380	3586488	0	18	17	51	43	16	12	21	30	29
810	3586488	3595381	3595499	0	30	37	21	17	18	16	53	38	25
243	3595499	3606258	3619810	0	61	28	15	20	59	36	19	29	16
359	3619810	3633870	3634059	0	31	21	20	12	64	66	57	46	15
347	3634059	3640646	3650617	0	30	37	21	17	18	16	53	38	25
104	3650617	3665770	3670630	0	20	13	36	68	14	12	19	35	17
517	3670630	3679610	3690053	0	30	37	21	17	18	16	53	38	25
619	3690053	3705206	3708086	0	20	13	36	68	14	12	19	35	17
521	3708086	3708086	3713306	0	20	13	36	68	14	12	19	35	17
167	3713306	3713306	3721482	4	12	32	24	14	68	38	46	13	16
745	3721482	3721482	3722826	4	12	32	24	14	68	38	46	13	16
15	3713306	3732348	3733373	0	20	28	15	75	16	54	38	14	13
332	3733373	3733373	3735773	3	13	14	22	12	20	16	25	21	33
707	3733373	3752805	3753949	0	15	24	38	32	46	19	26	62	21
21	3753949	3770161	3776485	0	18	17	51	43	16	12	21	30	29
502	3776485	3793968	3805232	0	61	28	15	20	59	36	19	29	16
547	3805232	3822970	3828302	0	18	17	51	43	16	12	21	30	29
379	3828302	3828302	3829758	4	12	32	24	14	68	38	46	13	16
616	3828302	3837842	3840302	0	20	13	36	68	14	12	19	35	17
101	3840302	3849282	3856185	0	30	37	21	17	18	16	53	38	25
742	3856185	3859862	3861050	0	31	21	20	12	64	66	57	46	15
955	3861050	3867637	3867873	0	30	37	21	17	18	16	53	38	25
287	3867873	3874574	3879246	0	19	12	53	15	30	23	29	47	35
284	3879246	3896911	3907947	0	18	17	51	43	16	12	21	30	29
695	3907947	3907947	3919947	3	13	14	22	12	20	16	25	21	33
7	3919947	3919947	3925867	3	13	14	22	12	20	16	25	21	33
701	3911154	3925867	3933251	0	15	24	38	32	46	19	26	62	21
755	3933251	3941054	3944948	0	30	37	21	17	18	16	53	38	25
956	3944948	3944948	3957748	3	13	14	22	12	20	16	25	21	33
274	3949903	3957748	3958423	0	20	28	15	75	16	54	38	14	13
76	3958423	3966099	3973472	0	19	12	53	15	30	23	29	47	35
176	3973472	3973472	3975152	3	13	14	22	12	20	16	25	21	33
261	3973472	3976555	3982539	0	61	28	15	20	59	36	19	29	16
809	3982539	3982787	3988157	0	20	13	36	68	14	12	19	35	17
310	3988157	3988157	4003037	3	13	14	22	12	20	16	25	21	33
759	3988157	4004798	4017382	0	61	28	15	20	59	36	19	29	16
279	4017382	4031442	4032270	0	31	21	20	12	64	66	57	46	15
611	4032270	4032270	4034110	3	13	14	22	12	20	16	25	21	33
965	4032270	4038857	4049654	0	30	37	21	17	18	16	53	38	25
212	4049654	4064807	4065647	0	20	13	36	68	14	12	19	35	17
760	4065647	4065647	4074943	4	12	32	24	14	68	38	46	13	16
218	4074943	4074943	4075213	0	20	13	36	68	14	12	19	35	17
409	4075213	4091854	4101534	0	61	28	15	20	59	36	19	29	16
378	4101534	4101534	4106814	0	61	28	15	20	59	36	19	29	16
358	4106814	4120874	4122206	0	31	21	20	12	64	66	57	46	15
451	4122206	4122206	4123637	0	31	21	20	12	64	66	57	46	15
613	4123637	4123637	4128837	3	13	14	22	12	20	16	25	21	33
415	4128338	4128837	4136401	0	18	17	51	43	16	12	21	30	29
939	4136401	4151114	4156002	0	15	24	38	32	46	19	26	62	21
700	4156002	4174891	4178521	0	20	13	36	68	14	12	19	35	17
93	4178521	4184991	4185234	0	31	21	20	12	64	66	57	46	15
508	4185234	4196969	4200394	0	20	28	15	75	16	54	38	14	13
259	4200394	4212334	4215225	0	30	37	21	17	18	16	53	38	25
166	4215225	4215225	4224488	0	30	37	21	17	18	16	53	38	25
588	4224488	4235247	4235335	0	61	28	15	20	59	36	19	29	16
491	4235335	4235335	4244055	3	13	14	22	12	20	16	25	21	33
496	4235335	4249395	4250745	0	31	21	20	12	64	66	57	46	15
634	4250745	4250745	4250844	0	31	21	20	12	64	66	57	46	15
210	4250844	4252949	4256429	0	20	13	36	68	14	12	19	35	17
871	4256429	4275471	4275896	0	20	28	15	75	16	54	38	14	13
812	4275896	4275896	4282000	4	12	32	24	14	68	38	46	13	16
531	4275896	4291671	4292663	0	18	17	51	43	16	12	21	30	29
10	4292663	4307257	4309257	0	20	28	15	75	16	54	38	14	13
520	4309257	4309257	4322697	3	13	14	22	12	20	16	25	21	33
705	4309257	4328689	4332017	0	15	24	38	32	46	19	26	62	21
645	4332017	4332017	4340097	3	13	14	22	12	20	16	25	21	33
141	4332017	4348229	4358335	0	18	17	51	43	16	12	21	30	29
227	4358335	4358335	4367855	4	12	32	24	14	68	38	46	13	16
299	4362234	4367855	4369610	0	31	21	20	12	64	66	57	46	15
750	4369610	4376197	4387112	0	30	37	21	17	18	16	53	38	25
640	4387112	4399185	4399743	0	18	17	51	43	16	12	21	30	29
57	4399743	4399743	4401423	4	12	32	24	14	68	38	46	13	16
90	4399743	4414456	4419552	0	15	24	38	32	46	19	26	62	21
308	4419552	4439329	4441854	0	20	28	15	75	16	54	38	14	13
602	4441854	4441854	4444414	3	13	14	22	12	20	16	25	21	33
95	4441854	4453828	4453981	0	31	21	20	12	64	66	57	46	15
33	4453981	4464086	4472481	0	19	12	53	15	30	23	29	47	35
973	4472481	4472481	4485121	3	13	14	22	12	20	16	25	21	33
271	4482038	4485121	4496209	0	61	28	15	20	59	36	19	29	16
570	4496209	4510269	4510674	0	31	21	20	12	64	66	57	46	15
919	4510674	4510674	4524994	3	13	14	22	12	20	16	25	21	33
803	4524994	4524994	4525192	0	31	21	20	12	64	66	57	46	15
911	4525192	4536927	4540902	0	20	28	15	75	16	54	38	14	13
63	4540902	4540902	4545202	0	20	28	15	75	16	54	38	14	13
385	4545202	4557142	4559738	0	30	37	21	17	18	16	53	38	25
483	4559738	4574473	4579153	0	15	24	38	32	46	19	26	62	21
757	4579153	4595365	4597535	0	18	17	51	43	16	12	21	30	29
133	4597535	4606428	4616104	0	30	37	21	17	18	16	53	38	25
630	4616104	4631257	4632457	0	20	13	36	68	14	12	19	35	17
219	4632457	4632457	4636597	0	20	13	36	68	14	12	19	35	17
124	4636597	4648984	4651612	0	19	12	53	15	30	23	29	47	35
595	4651612	4651612	4654412	4	12	32	24	14	68	38	46	13	16
239	4654412	4654412	4659449	0	19	12	53	15	30	23	29	47	35
623	4659449	4663865	4671771	0	30	37	21	17	18	16	53	38	25
620	4671771	4671771	4674011	3	13	14	22	12	20	16	25	21	33
146	4674011	4674011	4682625	0	30	37	21	17	18	16	53	38	25
792	4682625	4689326	4700787	0	19	12	53	15	30	23	29	47	35
687	4700787	4711182	4716032	0	20	28	15	75	16	54	38	14	13
590	4716032	4716032	4725712	3	13	14	22	12	20	16	25	21	33
113	4716032	4731807	4732737	0	18	17	51	43	16	12	21	30	29
580	4732737	4747450	4757642	0	15	24	38	32	46	19	26	62	21
36	4757642	4757642	4759546	4	12	32	24	14	68	38	46	13	16
278	4757642	4776531	4781541	0	20	13	36	68	14	12	19	35	17
160	4781541	4800583	4803733	0	20	28	15	75	16	54	38	14	13
374	4803733	4806063	4808967	0	61	28	15	20	59	36	19	29	16
532	4808967	4823027	4823378	0	31	21	20	12	64	66	57	46	15
55	4823378	4823378	4825142	0	31	21	20	12	64	66	57	46	15
692	4825142	4825142	4825178	0	31	21	20	12	64	66	57	46	15
4	4825178	4825677	4827103	0	18	17	51	43	16	12	21	30	29
346	4827103	4835996	4837058	0	30	37	21	17	18	16	53	38	25
652	4837058	4852211	4857611	0	20	13	36	68	14	12	19	35	17
142	4857611	4874252	4876540	0	61	28	15	20	59	36	19	29	16
677	4876540	4877816	4884420	0	15	24	38	32	46	19	26	62	21
189	4884420	4903309	4905169	0	20	13	36	68	14	12	19	35	17
475	4905169	4914149	4918633	0	30	37	21	17	18	16	53	38	25
170	4918633	4933786	4939396	0	20	13	36	68	14	12	19	35	17
633	4939396	4939396	4947068	4	12	32	24	14	68	38	46	13	16
257	4939396	4952031	4958271	0	15	24	38	32	46	19	26	62	21
458	4958271	4958271	4967007	4	12	32	24	14	68	38	46	13	16
551	4958271	4976487	4976685	0	31	21	20	12	64	66	57	46	15
854	4976685	4988420	4989445	0	20	28	15	75	16	54	38	14	13
215	4989445	5001385	5011061	0	30	37	21	17	18	16	53	38	25
456	5011061	5011061	5020501	3	13	14	22	12	20	16	25	21	33
44	5011061	5021820	5022524	0	61	28	15	20	59	36	19	29	16
172	5022524	5039443	5044093	0	20	28	15	75	16	54	38	14	13
821	5044093	5056033	5060340	0	30	37	21	17	18	16	53	38	25
106	5060340	5072413	5084131	0	18	17	51	43	16	12	21	30	29
360	5084131	5084131	5094113	0	18	17	51	43	16	12	21	30	29
336	5094113	5113240	5126161	0	19	12	53	15	30	23	29	47	35
116	5126161	5133530	5139380	0	20	13	36	68	14	12	19	35	17
629	5139380	5151767	5156950	0	19	12	53	15	30	23	29	47	35
340	5156950	5174615	5181497	0	18	17	51	43	16	12	21	30	29
994	5181497	5198980	5209012	0	61	28	15	20	59	36	19	29	16
972	5209012	5209012	5224612	3	13	14	22	12	20	16	25	21	33
213	5224612	5224612	5226020	0	61	28	15	20	59	36	19	29	16
157	5226020	5242939	5246639	0	20	28	15	75	16	54	38	14	13
601	5246639	5258579	5268727	0	30	37	21	17	18	16	53	38	25
49	5268727	5268727	5273207	3	13	14	22	12	20	16	25	21	33
268	5268727	5280800	5289790	0	18	17	51	43	16	12	21	30	29
136	5289790	5289790	5291092	0	18	17	51	43	16	12	21	30	29
768	5291092	5299985	5309720	0	30	37	21	17	18	16	53	38	25
711	5309720	5324873	5330243	0	20	13	36	68	14	12	19	35	17
878	5330243	5330243	5336153	0	20	13	36	68	14	12	19	35	17
474	5336153	5345133	5355989	0	30	37	21	17	18	16	53	38	25
526	5355989	5368062	5376618	0	18	17	51	43	16	12	21	30	29
304	5376618	5376618	5378478	0	18	17	51	43	16	12	21	30	29
497	5378478	5378478	5391758	3	13	14	22	12	20	16	25	21	33
367	5378478	5393072	5394122	0	20	28	15	75	16	54	38	14	13
632	5394122	5409897	5410641	0	18	17	51	43	16	12	21	30	29
426	5410641	5410641	5419383	0	18	17	51	43	16	12	21	30	29
659	5419383	5419383	5429117	0	18	17	51	43	16	12	21	30	29
954	5429117	5446600	5464024	0	61	28	15	20	59	36	19	29	16
628	5464024	5481762	5490690	0	18	17	51	43	16	12	21	30	29
413	5490690	5505284	5506659	0	20	28	15	75	16	54	38	14	13
162	5506659	5522434	5529936	0	18	17	51	43	16	12	21	30	29
427	5529936	5538829	5543077	0	30	37	21	17	18	16	53	38	25
447	5543077	5546754	5547924	0	31	21	20	12	64	66	57	46	15
306	5547924	5547924	5560004	3	13	14	22	12	20	16	25	21	33
237	5549899	5560004	5573801	0	19	12	53	15	30	23	29	47	35
555	5573801	5576884	5578556	0	61	28	15	20	59	36	19	29	16
393	5578556	5578556	5590716	3	13	14	22	12	20	16	25	21	33
509	5589440	5590716	5597736	0	15	24	38	32	46	19	26	62	21
530	5597736	5613948	5614134	0	18	17	51	43	16	12	21	30	29
92	5614134	5628728	5631878	0	20	28	15	75	16	54	38	14	13
782	5631878	5643818	5653435	0	30	37	21	17	18	16	53	38	25
565	5653435	5665508	5672638	0	18	17	51	43	16	12	21	30	29
108	5672638	5691765	5700014	0	19	12	53	15	30	23	29	47	35
579	5700014	5703097	5707057	0	61	28	15	20	59	36	19	29	16
780	5707057	5725270	5734769	0	30	37	21	17	18	16	53	38	25
326	5734769	5745528	5750896	0	61	28	15	20	59	36	19	29	16
666	5750896	5750896	5756496	3	13	14	22	12	20	16	25	21	33
418	5750896	5768634	5777562	0	18	17	51	43	16	12	21	30	29
91	5777562	5777562	5789900	0	18	17	51	43	16	12	21	30	29
699	5789900	5798793	5807466	0	30	37	21	17	18	16	53	38	25
270	5807466	5807466	5822986	3	13	14	22	12	20	16	25	21	33
395	5807833	5822986	5825986	0	20	13	36	68	14	12	19	35	17
30	5825986	5838373	5839687	0	19	12	53	15	30	23	29	47	35
149	5839687	5839687	5845089	0	19	12	53	15	30	23	29	47	35
422	5845089	5845089	5852817	4	12	32	24	14	68	38	46	13	16
674	5852817	5852817	5854273	4	12	32	24	14	68	38	46	13	16
242	5845089	5855484	5857484	0	20	28	15	75	16	54	38	14	13
515	5857484	5857484	5864652	4	12	32	24	14	68	38	46	13	16
749	5857484	5865160	5869175	0	19	12	53	15	30	23	29	47	35
823	5869175	5869175	5870270	0	19	12	53	15	30	23	29	47	35
82	5870270	5873353	5874761	0	61	28	15	20	59	36	19	29	16
802	5874761	5888821	5890072	0	31	21	20	12	64	66	57	46	15
505	5890072	5909707	5912827	0	15	24	38	32	46	19	26	62	21
949	5912827	5929039	5929597	0	18	17	51	43	16	12	21	30	29
344	5929597	5944191	5948866	0	20	28	15	75	16	54	38	14	13
178	5948866	5960806	5967355	0	30	37	21	17	18	16	53	38	25
352	5967355	5979428	5981164	0	18	17	51	43	16	12	21	30	29
893	5981164	5998647	6006391	0	61	28	15	20	59	36	19	29	16
712	6006391	6023310	6025835	0	20	28	15	75	16	54	38	14	13
320	6025835	6025835	6029685	0	20	28	15	75	16	54	38	14	13
948	6029685	6029685	6043925	3	13	14	22	12	20	16	25	21	33
331	6041595	6043925	6046653	0	61	28	15	20	59	36	19	29	16
406	6046653	6046901	6051431	0	20	13	36	68	14	12	19	35	17
209	6051431	6061554	6067320	0	18	17	51	43	16	12	21	30	29
206	6067320	6067320	6070420	0	18	17	51	43	16	12	21	30	29
472	6070420	6070420	6075194	0	18	17	51	43	16	12	21	30	29
981	6075194	6075194	6087594	3	13	14	22	12	20	16	25	21	33
636	6075194	6089907	6090375	0	15	24	38	32	46	19	26	62	21
909	6090375	6101986	6102778	0	61	28	15	20	59	36	19	29	16
376	6102778	6103026	6107196	0	20	13	36	68	14	12	19	35	17
898	6107196	6107196	6108932	4	12	32	24	14	68	38	46	13	16
252	6107196	6119831	6123315	0	15	24	38	32	46	19	26	62	21
185	6123315	6123315	6131635	3	13	14	22	12	20	16	25	21	33
77	6131635	6131635	6132363	4	12	32	24	14	68	38	46	13	16
591	6124560	6132363	6140387	0	30	37	21	17	18	16	53	38	25
334	6140387	6152460	6158908	0	18	17	51	43	16	12	21	30	29
811	6158908	6158908	6160268	3	13	14	22	12	20	16	25	21	33
460	6160268	6160268	6162348	3	13	14	22	12	20	16	25	21	33
980	6158908	6176391	6193023	0	61	28	15	20	59	36	19	29	16
473	6193023	6193271	6193991	0	20	13	36	68	14	12	19	35	17
0	6193991	6200461	6201964	0	31	21	20	12	64	66	57	46	15
914	6201964	6201964	6209076	4	12	32	24	14	68	38	46	13	16
65	6209076	6209076	6210723	0	31	21	20	12	64	66	57	46	15
806	6210723	6230358	6234362	0	15	24	38	32	46	19	26	62	21
819	6234362	6234362	6236266	4	12	32	24	14	68	38	46	13	16
335	6234362	6242165	6245056	0	30	37	21	17	18	16	53	38	25
163	6245056	6245056	6246904	4	12	32	24	14	68	38	46	13	16
627	6245056	6251757	6263583	0	19	12	53	15	30	23	29	47	35
216	6263583	6267999	6276908	0	30	37	21	17	18	16	53	38	25
345	6276908	6276908	6285168	0	30	37	21	17	18	16	53	38	25
45	6285168	6295927	6298391	0	61	28	15	20	59	36	19	29	16
783	6298391	6316129	6322329	0	18	17	51	43	16	12	21	30	29
534	6322329	6322329	6335769	3	13	14	22	12	20	16	25	21	33
309	6322329	6336923	6337148	0	20	28	15	75	16	54	38	14	13
305	6337148	6349088	6353631	0	30	37	21	17	18	16	53	38	25
59	6353631	6361476	6364901	0	20	28	15	75	16	54	38	14	13
825	6364901	6367231	6374447	0	61	28	15	20	59	36	19	29	16
457	6374447	6387135	6392391	0	19	12	53	15	30	23	29	47	35
275	6392391	6410056	6417186	0	18	17	51	43	16	12	21	30	29
732	6417186	6436313	6441715	0	19	12	53	15	30	23	29	47	35
533	6441715	6449084	6451904	0	20	13	36	68	14	12	19	35	17
5	6451904	6464539	6468283	0	15	24	38	32	46	19	26	62	21
416	6468283	6468283	6477803	4	12	32	24	14	68	38	46	13	16
221	6468283	6479894	6490014	0	61	28	15	20	59	36	19	29	16
384	6490014	6491290	6493682	0	15	24	38	32	46	19	26	62	21
857	6493682	6493682	6503406	0	15	24	38	32	46	19	26	62	21
20	6503406	6503406	6504806	4	12	32	24	14	68	38	46	13	16
525	6503406	6522295	6522685	0	20	13	36	68	14	12	19	35	17
412	6522685	6541727	6542152	0	20	28	15	75	16	54	38	14	13
480	6542152	6561584	6570788	0	15	24	38	32	46	19	26	62	21
924	6570788	6587000	6592518	0	18	17	51	43	16	12	21	30	29
816	6592518	6607231	6607751	0	15	24	38	32	46	19	26	62	21
907	6607751	6607751	6614079	4	12	32	24	14	68	38	46	13	16
721	6607751	6621669	6629480	0	19	12	53	15	30	23	29	47	35
902	6629480	6636849	6638679	0	20	13	36	68	14	12	19	35	17
471	6638679	6638679	6640527	4	12	32	24	14	68	38	46	13	16
158	6640527	6640527	6654847	3	13	14	22	12	20	16	25	21	33
364	6645867	6654847	6657089	0	30	37	21	17	18	16	53	38	25
577	6657089	6657089	6665349	0	30	37	21	17	18	16	53	38	25
67	6665349	6677422	6683064	0	18	17	51	43	16	12	21	30	29
923	6683064	6697658	6702458	0	20	28	15	75	16	54	38	14	13
98	6702458	6718233	6725239	0	18	17	51	43	16	12	21	30	29
174	6725239	6734132	6736728	0	30	37	21	17	18	16	53	38	25
222	6736728	6744573	6745898	0	20	28	15	75	16	54	38	14	13
470	6745898	6764458	6768928	0	20	13	36	68	14	12	19	35	17
624	6768928	6768928	6770998	0	20	13	36	68	14	12	19	35	17
567	6770998	6770998	6779398	4	12	32	24	14	68	38	46	13	16
571	6770998	6787639	6804711	0	61	28	15	20	59	36	19	29	16
670	6804711	6805987	6813839	0	15	24	38	32	46	19	26	62	21
293	6813839	6832728	6837978	0	20	13	36	68	14	12	19	35	17
29	6837978	6846958	6856693	0	30	37	21	17	18	16	53	38	25
664	6856693	6856693	6857085	4	12	32	24	14	68	38	46	13	16
312	6856693	6868766	6878500	0	18	17	51	43	16	12	21	30	29
982	6878500	6878500	6888854	0	18	17	51	43	16	12	21	30	29
729	6888854	6888854	6895182	4	12	32	24	14	68	38	46	13	16
387	6888854	6903567	6911627	0	15	24	38	32	46	19	26	62	21
673	6911627	6919430	6929519	0	30	37	21	17	18	16	53	38	25
614	6929519	6936220	6949433	0	19	12	53	15	30	23	29	47	35
453	6949433	6949433	6953409	4	12	32	24	14	68	38	46	13	16
678	6953409	6953409	6966529	3	13	14	22	12	20	16	25	21	33
244	6957289	6966529	6967681	0	31	21	20	12	64	66	57	46	15
740	6967681	6968180	6970102	0	18	17	51	43	16	12	21	30	29
495	6970102	6984696	6986171	0	20	28	15	75	16	54	38	14	13
606	6986171	6993847	6996402	0	19	12	53	15	30	23	29	47	35
720	6996402	6996402	7001218	4	12	32	24	14	68	38	46	13	16
245	6996402	7003771	7008241	0	20	13	36	68	14	12	19	35	17
835	7008241	7017221	7027251	0	30	37	21	17	18	16	53	38	25
231	7027251	7027251	7033019	4	12	32	24	14	68	38	46	13	16
182	7033019	7033019	7033979	3	13	14	22	12	20	16	25	21	33
593	7033979	7033979	7043819	3	13	14	22	12	20	16	25	21	33
203	7035974	7043819	7047644	0	20	28	15	75	16	54	38	14	13
265	7047644	7059584	7066428	0	30	37	21	17	18	16	53	38	25
761	7066428	7081163	7082255	0	15	24	38	32	46	19	26	62	21
865	7082255	7082255	7084595	0	15	24	38	32	46	19	26	62	21
290	7084595	7096206	7109318	0	61	28	15	20	59	36	19	29	16
940	7109318	7123378	7124305	0	31	21	20	12	64	66	57	46	15
983	7124305	7134410	7139447	0	19	12	53	15	30	23	29	47	35
741	7139447	7146816	7149846	0	20	13	36	68	14	12	19	35	17
719	7149846	7149846	7151556	0	20	13	36	68	14	12	19	35	17
111	7151556	7164191	7171315	0	15	24	38	32	46	19	26	62	21
855	7171315	7191092	7195592	0	20	28	15	75	16	54	38	14	13
861	7195592	7215024	7220952	0	15	24	38	32	46	19	26	62	21
173	7220952	7234870	7240564	0	19	12	53	15	30	23	29	47	35
612	7240564	7240564	7246244	3	13	14	22	12	20	16	25	21	33
514	7240564	7247933	7252583	0	20	13	36	68	14	12	19	35	17
681	7252583	7252583	7252913	0	20	13	36	68	14	12	19	35	17
228	7252913	7252913	7253529	4	12	32	24	14	68	38	46	13	16
583	7252913	7263036	7267252	0	18	17	51	43	16	12	21	30	29
724	7267252	7286379	7290248	0	19	12	53	15	30	23	29	47	35
899	7290248	7300643	7304343	0	20	28	15	75	16	54	38	14	13
641	7304343	7304343	7307693	0	20	28	15	75	16	54	38	14	13
79	7307693	7307693	7309293	3	13	14	22	12	20	16	25	21	33
722	7307693	7327125	7329673	0	15	24	38	32	46	19	26	62	21
912	7329673	7329673	7331801	4	12	32	24	14	68	38	46	13	16
1	7331801	7331801	7337961	4	12	32	24	14	68	38	46	13	16
314	7330158	7337961	7343566	0	30	37	21	17	18	16	53	38	25
569	7343566	7343566	7344805	0	30	37	21	17	18	16	53	38	25
648	7344805	7356878	7359544	0	18	17	51	43	16	12	21	30	29
968	7359544	7374257	7383981	0	15	24	38	32	46	19	26	62	21
328	7383981	7383981	7385421	3	13	14	22	12	20	16	25	21	33
656	7385421	7385421	7389581	3	13	14	22	12	20	16	25	21	33
727	7383981	7391784	7393318	0	30	37	21	17	18	16	53	38	25
315	7393318	7401163	7402238	0	20	28	15	75	16	54	38	14	13
69	7402238	7414212	7415283	0	31	21	20	12	64	66	57	46	15
552	7415283	7415283	7416192	0	31	21	20	12	64	66	57	46	15
647	7416192	7416192	7421072	3	13	14	22	12	20	16	25	21	33
683	7416192	7435827	7441599	0	15	24	38	32	46	19	26	62	21
361	7441599	7461376	7464776	0	20	28	15	75	16	54	38	14	13
363	7464776	7464776	7479736	3	13	14	22	12	20	16	25	21	33
226	7472060	7479736	7487912	0	19	12	53	15	30	23	29	47	35
327	7487912	7505577	7517419	0	18	17	51	43	16	12	21	30	29
241	7517419	7536546	7540634	0	19	12	53	15	30	23	29	47	35
880	7540634	7545050	7549180	0	30	37	21	17	18	16	53	38	25
127	7549180	7555881	7563035	0	19	12	53	15	30	23	29	47	35
479	7563035	7563035	7573355	3	13	14	22	12	20	16	25	21	33
846	7573355	7573355	7582987	4	12	32	24	14	68	38	46	13	16
541	7581240	7582987	7583611	0	15	24	38	32	46	19	26	62	21
397	7583611	7591414	7595426	0	30	37	21	17	18	16	53	38	25
238	7595426	7595426	7598338	4	12	32	24	14	68	38	46	13	16
776	7598338	7598338	7611058	3	13	14	22	12	20	16	25	21	33
180	7607381	7611058	7612516	0	31	21	20	12	64	66	57	46	15
303	7612516	7613015	7617541	0	18	17	51	43	16	12	21	30	29
276	7617541	7626434	7630092	0	30	37	21	17	18	16	53	38	25
660	7630092	7645245	7647645	0	20	13	36	68	14	12	19	35	17
756	7647645	7666687	7667612	0	20	28	15	75	16	54	38	14	13
448	7667612	7679586	7680882	0	31	21	20	12	64	66	57	46	15
487	7680882	7687469	7691245	0	30	37	21	17	18	16	53	38	25
484	7691245	7706398	7710328	0	20	13	36	68	14	12	19	35	17
247	7710328	7720451	7730867	0	18	17	51	43	16	12	21	30	29
682	7730867	7736488	7736677	0	31	21	20	12	64	66	57	46	15
122	7736677	7756312	7761720	0	15	24	38	32	46	19	26	62	21
288	7761720	7779936	7781529	0	31	21	20	12	64	66	57	46	15
771	7781529	7781529	7781700	0	31	21	20	12	64	66	57	46	15
256	7781700	7801335	7802271	0	15	24	38	32	46	19	26	62	21
978	7802271	7810074	7814027	0	30	37	21	17	18	16	53	38	25
542	7814027	7817704	7819405	0	31	21	20	12	64	66	57	46	15
764	7819405	7819405	7823437	4	12	32	24	14	68	38	46	13	16
685	7819405	7829510	7833744	0	19	12	53	15	30	23	29	47	35
995	7833744	7835491	7836999	0	15	24	38	32	46	19	26	62	21
267	7836999	7836999	7846599	3	13	14	22	12	20	16	25	21	33
752	7836999	7853211	7860837	0	18	17	51	43	16	12	21	30	29
609	7860837	7878320	7892400	0	61	28	15	20	59	36	19	29	16
582	7892400	7893676	7899552	0	15	24	38	32	46	19	26	62	21
493	7899552	7913470	7921573	0	19	12	53	15	30	23	29	47	35
977	7921573	7928942	7933142	0	20	13	36	68	14	12	19	35	17
31	7933142	7943265	7948659	0	18	17	51	43	16	12	21	30	29
156	7948659	7963372	7970184	0	15	24	38	32	46	19	26	62	21
922	7970184	7981795	7997107	0	61	28	15	20	59	36	19	29	16
621	7997107	7997107	8001427	3	13	14	22	12	20	16	25	21	33
424	8001179	8001427	8002237	0	20	13	36	68	14	12	19	35	17
904	8002237	8018878	8029966	0	61	28	15	20	59	36	19	29	16
665	8029966	8042654	8043384	0	19	12	53	15	30	23	29	47	35
291	8043384	8043384	8050904	3	13	14	22	12	20	16	25	21	33
842	8046488	8050904	8054149	0	30	37	21	17	18	16	53	38	25
585	8054149	8064908	8074764	0	61	28	15	20	59	36	19	29	16
23	8074764	8076040	8076976	0	15	24	38	32	46	19	26	62	21
177	8076976	8095192	8095903	0	31	21	20	12	64	66	57	46	15
377	8095903	8096402	8103346	0	18	17	51	43	16	12	21	30	29
110	8103346	8122473	8128240	0	19	12	53	15	30	23	29	47	35
198	8128240	8138635	8140310	0	20	28	15	75	16	54	38	14	13
669	8140310	8158870	8159290	0	20	13	36	68	14	12	19	35	17
401	8159290	8169413	8173319	0	18	17	51	43	16	12	21	30	29
449	8173319	8182859	8187239	0	20	13	36	68	14	12	19	35	17
289	8187239	8187239	8194855	4	12	32	24	14	68	38	46	13	16
485	8187239	8206281	8208706	0	20	28	15	75	16	54	38	14	13
404	8208706	8208706	8214026	4	12	32	24	14	68	38	46	13	16
938	8214026	8214026	8219146	3	13	14	22	12	20	16	25	21	33
154	8219146	8219146	8227098	4	12	32	24	14	68	38	46	13	16
330	8224768	8227098	8240210	0	61	28	15	20	59	36	19	29	16
643	8240210	8240210	8240690	3	13	14	22	12	20	16	25	21	33
286	8240690	8240690	8243570	3	13	14	22	12	20	16	25	21	33
774	8243570	8243570	8244626	0	61	28	15	20	59	36	19	29	16
921	8244626	8257314	8266439	0	19	12	53	15	30	23	29	47	35
420	8266439	8266439	8275455	4	12	32	24	14	68	38	46	13	16
622	8266439	8284104	8289250	0	18	17	51	43	16	12	21	30	29
477	8289250	8303844	8305269	0	20	28	15	75	16	54	38	14	13
324	8305269	8312945	8319734	0	19	12	53	15	30	23	29	47	35
322	8319734	8319734	8324830	4	12	32	24	14	68	38	46	13	16
642	8319734	8337399	8342545	0	18	17	51	43	16	12	21	30	29
464	8342545	8352085	8354815	0	20	13	36	68	14	12	19	35	17
510	8354815	8354815	8361143	4	12	32	24	14	68	38	46	13	16
625	8361143	8361143	8364447	4	12	32	24	14	68	38	46	13	16
837	8364447	8364447	8369087	3	13	14	22	12	20	16	25	21	33
58	8369087	8369087	8374351	4	12	32	24	14	68	38	46	13	16
70	8374351	8374351	8375151	3	13	14	22	12	20	16	25	21	33
557	8356109	8375151	8375851	0	20	28	15	75	16	54	38	14	13
654	8375851	8395283	8403447	0	15	24	38	32	46	19	26	62	21
78	8403447	8422336	8425036	0	20	13	36	68	14	12	19	35	17
175	8425036	8437423	8448081	0	19	12	53	15	30	23	29	47	35
644	8448081	8448081	8459201	3	13	14	22	12	20	16	25	21	33
130	8454785	8459201	8461148	0	30	37	21	17	18	16	53	38	25
751	8461148	8471907	8474635	0	61	28	15	20	59	36	19	29	16
989	8474635	8492848	8493202	0	30	37	21	17	18	16	53	38	25
66	8493202	8493202	8493379	0	30	37	21	17	18	16	53	38	25
928	8493379	8500080	8507964	0	19	12	53	15	30	23	29	47	35
134	8507964	8509711	8510699	0	15	24	38	32	46	19	26	62	21
560	8510699	8510699	8519827	4	12	32	24	14	68	38	46	13	16
125	8510699	8528915	8529509	0	31	21	20	12	64	66	57	46	15
969	8529509	8549144	8551380	0	15	24	38	32	46	19	26	62	21
8	8551380	8565298	8570919	0	19	12	53	15	30	23	29	47	35
494	8570919	8570919	8581577	0	19	12	53	15	30	23	29	47	35
251	8581577	8581577	8588777	3	13	14	22	12	20	16	25	21	33
112	8584361	8588777	8597981	0	30	37	21	17	18	16	53	38	25
152	8597981	8597981	8609663	0	30	37	21	17	18	16	53	38	25
429	8609663	8621736	8626200	0	18	17	51	43	16	12	21	30	29
564	8626200	8626200	8629486	0	18	17	51	43	16	12	21	30	29
414	8629486	8639026	8641396	0	20	13	36	68	14	12	19	35	17
296	8641396	8641396	8650596	3	13	14	22	12	20	16	25	21	33
661	8650596	8650596	8664436	3	13	14	22	12	20	16	25	21	33
830	8652049	8664436	8677503	0	19	12	53	15	30	23	29	47	35
488	8677503	8680586	8681994	0	61	28	15	20	59	36	19	29	16
927	8681994	8681994	8684346	4	12	32	24	14	68	38	46	13	16
292	8684346	8684346	8699658	0	61	28	15	20	59	36	19	29	16
234	8699658	8700934	8703014	0	15	24	38	32	46	19	26	62	21
195	8703014	8710817	8721319	0	30	37	21	17	18	16	53	38	25
937	8721319	8728020	8732400	0	19	12	53	15	30	23	29	47	35
272	8732400	8732400	8743280	3	13	14	22	12	20	16	25	21	33
587	8743280	8743280	8744448	0	19	12	53	15	30	23	29	47	35
535	8744448	8751817	8754337	0	20	13	36	68	14	12	19	35	17
42	8754337	8764460	8765514	0	18	17	51	43	16	12	21	30	29
40	8765514	8774407	8782313	0	30	37	21	17	18	16	53	38	25
151	8782313	8793072	8808824	0	61	28	15	20	59	36	19	29	16
294	8808824	8821512	8829834	0	19	12	53	15	30	23	29	47	35
168	8829834	8847499	8851777	0	18	17	51	43	16	12	21	30	29
200	8851777	8866490	8870702	0	15	24	38	32	46	19	26	62	21
319	8870702	8870702	8871486	4	12	32	24	14	68	38	46	13	16
403	8870702	8888918	8889521	0	31	21	20	12	64	66	57	46	15
440	8889521	8889521	8900329	4	12	32	24	14	68	38	46	13	16
380	8900329	8900329	8910489	3	13	14	22	12	20	16	25	21	33
767	8898754	8910489	8914664	0	20	28	15	75	16	54	38	14	13
518	8914664	8926604	8927194	0	30	37	21	17	18	16	53	38	25
932	8927194	8927194	8927666	0	30	37	21	17	18	16	53	38	25
246	8927666	8927666	8935506	4	12	32	24	14	68	38	46	13	16
355	8927666	8939739	8950775	0	18	17	51	43	16	12	21	30	29
35	8950775	8950775	8951415	3	13	14	22	12	20	16	25	21	33
566	8950775	8969902	8977640	0	19	12	53	15	30	23	29	47	35
758	8977640	8977640	8983520	4	12	32	24	14	68	38	46	13	16
202	8977640	8986880	8986916	0	31	21	20	12	64	66	57	46	15
804	8986916	9006551	9009255	0	15	24	38	32	46	19	26	62	21
796	9009255	9009255	9020231	4	12	32	24	14	68	38	46	13	16
24	9009255	9023173	9029305	0	19	12	53	15	30	23	29	47	35
649	9029305	9039700	9041300	0	20	28	15	75	16	54	38	14	13
615	9041300	9060732	9070612	0	15	24	38	32	46	19	26	62	21
772	9070612	9086824	9093520	0	18	17	51	43	16	12	21	30	29
337	9093520	9102413	9103416	0	30	37	21	17	18	16	53	38	25
225	9103416	9107093	9107129	0	31	21	20	12	64	66	57	46	15
13	9107129	9107628	9114076	0	18	17	51	43	16	12	21	30	29
250	9114076	9114076	9116990	0	18	17	51	43	16	12	21	30	29
539	9116990	9125883	9133671	0	30	37	21	17	18	16	53	38	25
790	9133671	9133671	9141459	0	30	37	21	17	18	16	53	38	25
143	9141459	9156194	9160042	0	15	24	38	32	46	19	26	62	21
137	9160042	9160042	9167266	4	12	32	24	14	68	38	46	13	16
974	9167266	9167266	9175946	4	12	32	24	14	68	38	46	13	16
777	9164335	9175946	9186594	0	61	28	15	20	59	36	19	29	16
945	9186594	9186842	9191882	0	20	13	36	68	14	12	19	35	17
791	9191882	9208523	9213803	0	61	28	15	20	59	36	19	29	16
193	9213803	9213803	9223963	3	13	14	22	12	20	16	25	21	33
734	9213803	9232016	9233963	0	30	37	21	17	18	16	53	38	25
693	9233963	9246036	9252856	0	18	17	51	43	16	12	21	30	29
961	9252856	9262396	9265726	0	20	13	36	68	14	12	19	35	17
165	9265726	9265726	9273966	3	13	14	22	12	20	16	25	21	33
672	9273966	9273966	9276318	4	12	32	24	14	68	38	46	13	16
753	9276318	9276318	9284662	4	12	32	24	14	68	38	46	13	16
86	9284662	9284662	9297702	3	13	14	22	12	20	16	25	21	33
992	9278660	9297702	9301027	0	20	28	15	75	16	54	38	14	13
527	9301027	9303357	9303797	0	61	28	15	20	59	36	19	29	16
529	9303797	9316485	9319770	0	19	12	53	15	30	23	29	47	35
884	9319770	9337435	9340349	0	18	17	51	43	16	12	21	30	29
592	9340349	9340349	9343469	3	13	14	22	12	20	16	25	21	33
848	9340349	9357832	9359240	0	61	28	15	20	59	36	19	29	16
148	9359240	9377453	9385359	0	30	37	21	17	18	16	53	38	25
465	9385359	9392060	9403886	0	19	12	53	15	30	23	29	47	35
73	9403886	9403886	9405846	4	12	32	24	14	68	38	46	13	16
964	9405846	9405846	9412006	3	13	14	22	12	20	16	25	21	33
818	9407590	9412006	9412832	0	30	37	21	17	18	16	53	38	25
607	9412832	9427985	9430355	0	20	13	36	68	14	12	19	35	17
763	9430355	9446996	9464156	0	61	28	15	20	59	36	19	29	16
12	9464156	9464156	9467292	4	12	32	24	14	68	38	46	13	16
400	9464156	9481894	9492124	0	18	17	51	43	16	12	21	30	29
568	9492124	9501664	9506014	0	20	13	36	68	14	12	19	35	17
171	9506014	9516137	9526553	0	18	17	51	43	16	12	21	30	29
499	9526553	9532174	9532309	0	31	21	20	12	64	66	57	46	15
109	9532309	9551944	9553972	0	15	24	38	32	46	19	26	62	21
88	9553972	9572861	9573371	0	20	13	36	68	14	12	19	35	17
37	9573371	9586006	9591986	0	15	24	38	32	46	19	26	62	21
963	9591986	9611763	9613813	0	20	28	15	75	16	54	38	14	13
194	9613813	9629588	9631324	0	18	17	51	43	16	12	21	30	29
368	9631324	9645918	9646968	0	20	28	15	75	16	54	38	14	13
574	9646968	9662743	9672353	0	18	17	51	43	16	12	21	30	29
129	9672353	9681893	9683873	0	20	13	36	68	14	12	19	35	17
739	9683873	9700514	9707730	0	61	28	15	20	59	36	19	29	16
631	9707730	9721790	9722609	0	31	21	20	12	64	66	57	46	15
834	9722609	9722609	9723131	0	31	21	20	12	64	66	57	46	15
282	9723131	9742766	9747342	0	15	24	38	32	46	19	26	62	21
383	9747342	9755145	9762048	0	30	37	21	17	18	16	53	38	25
581	9762048	9762048	9771547	0	30	37	21	17	18	16	53	38	25
217	9771547	9771547	9781291	4	12	32	24	14	68	38	46	13	16
468	9781291	9781291	9789138	0	30	37	21	17	18	16	53	38	25
523	9789138	9796983	9797483	0	20	28	15	75	16	54	38	14	13
145	9797483	9797483	9807899	4	12	32	24	14	68	38	46	13	16
459	9797483	9809457	9810771	0	31	21	20	12	64	66	57	46	15
263	9810771	9810771	9811731	3	13	14	22	12	20	16	25	21	33
445	9811731	9811731	9814363	4	12	32	24	14	68	38	46	13	16
605	9813686	9814363	9827739	0	61	28	15	20	59	36	19	29	16
952	9827739	9829015	9832499	0	15	24	38	32	46	19	26	62	21
240	9832499	9852276	9855826	0	20	28	15	75	16	54	38	14	13
371	9855826	9867766	9879507	0	30	37	21	17	18	16	53	38	25
765	9879507	9887352	9890302	0	20	28	15	75	16	54	38	14	13
519	9890302	9897978	9906665	0	19	12	53	15	30	23	29	47	35
144	9906665	9924330	9936048	0	18	17	51	43	16	12	21	30	29
860	9936048	9936048	9942448	3	13	14	22	12	20	16	25	21	33
430	9936048	9955175	9966198	0	19	12	53	15	30	23	29	47	35
852	9966198	9983863	9993473	0	18	17	51	43	16	12	21	30	29
17	9993473	9993473	10001033	4	12	32	24	14	68	38	46	13	16
301	10001033	10001033	10003945	4	12	32	24	14	68	38	46	13	16
34	10003945	10003945	10010889	4	12	32	24	14	68	38	46	13	16
691	10010889	10010889	10023289	0	18	17	51	43	16	12	21	30	29
339	10023289	10023289	10033085	0	18	17	51	43	16	12	21	30	29
350	10033085	10047798	10057834	0	15	24	38	32	46	19	26	62	21
934	10057834	10076723	10077203	0	20	13	36	68	14	12	19	35	17
118	10077203	10077203	10081133	0	20	13	36	68	14	12	19	35	17
39	10081133	10081133	10095373	3	13	14	22	12	20	16	25	21	33
399	10082986	10095373	10101797	0	19	12	53	15	30	23	29	47	35
454	10101797	10106213	10116007	0	30	37	21	17	18	16	53	38	25
589	10116007	10126766	10126854	0	61	28	15	20	59	36	19	29	16
920	10126854	10139542	10144506	0	19	12	53	15	30	23	29	47	35
713	10144506	10147589	10165101	0	61	28	15	20	59	36	19	29	16
389	10165101	10182839	10189597	0	18	17	51	43	16	12	21	30	29
300	10189597	10198490	10208520	0	30	37	21	17	18	16	53	38	25
277	10208520	10208520	10217370	0	30	37	21	17	18	16	53	38	25
942	10217370	10225215	10227140	0	20	28	15	75	16	54	38	14	13
573	10227140	10227140	10228204	4	12	32	24	14	68	38	46	13	16
223	10227140	10246572	10248912	0	15	24	38	32	46	19	26	62	21
658	10248912	10248912	10256640	4	12	32	24	14	68	38	46	13	16
843	10248912	10260523	10270115	0	61	28	15	20	59	36	19	29	16
524	10270115	10271391	10279711	0	15	24	38	32	46	19	26	62	21
562	10279711	10293629	10305747	0	19	12	53	15	30	23	29	47	35
543	10305747	10313116	10316536	0	20	13	36	68	14	12	19	35	17
386	10316536	10328923	10334179	0	19	12	53	15	30	23	29	47	35
667	10334179	10334179	10345539	3	13	14	22	12	20	16	25	21	33
698	10338170	10345539	10350519	0	20	13	36	68	14	12	19	35	17
926	10350519	10350519	10355559	4	12	32	24	14	68	38	46	13	16
915	10350519	10356989	10357538	0	31	21	20	12	64	66	57	46	15
411	10357538	10357538	10364594	4	12	32	24	14	68	38	46	13	16
903	10362489	10364594	10365464	0	20	13	36	68	14	12	19	35	17
394	10365464	10384506	10385731	0	20	28	15	75	16	54	38	14	13
773	10385731	10385731	10394243	4	12	32	24	14	68	38	46	13	16
876	10391913	10394243	10401459	0	61	28	15	20	59	36	19	29	16
891	10401459	10418378	10418578	0	20	28	15	75	16	54	38	14	13
135	10418578	10438010	10441286	0	15	24	38	32	46	19	26	62	21
718	10441286	10441286	10443286	3	13	14	22	12	20	16	25	21	33
71	10441286	10455204	10457102	0	19	12	53	15	30	23	29	47	35
205	10457102	10467497	10469222	0	20	28	15	75	16	54	38	14	13
396	10469222	10471552	10473312	0	61	28	15	20	59	36	19	29	16
572	10473312	10486000	10495271	0	19	12	53	15	30	23	29	47	35
75	10495271	10498354	10505746	0	61	28	15	20	59	36	19	29	16
814	10505746	10519806	10520823	0	31	21	20	12	64	66	57	46	15
725	10520823	10521500	10527748	0	61	28	15	20	59	36	19	29	16
262	10527748	10527748	10537828	4	12	32	24	14	68	38	46	13	16
486	10527748	10545486	10548400	0	18	17	51	43	16	12	21	30	29
207	10548400	10565883	10580755	0	61	28	15	20	59	36	19	29	16
199	10580755	10580755	10584115	3	13	14	22	12	20	16	25	21	33
187	10584115	10584115	10585235	3	13	14	22	12	20	16	25	21	33
461	10580755	10598968	10607346	0	30	37	21	17	18	16	53	38	25
46	10607346	10619419	10630827	0	18	17	51	43	16	12	21	30	29
689	10630827	10636448	10637132	0	31	21	20	12	64	66	57	46	15
979	10637132	10656767	10666699	0	15	24	38	32	46	19	26	62	21
890	10666699	10682911	10691033	0	18	17	51	43	16	12	21	30	29
506	10691033	10691033	10692209	4	12	32	24	14	68	38	46	13	16
398	10691033	10699926	10710133	0	30	37	21	17	18	16	53	38	25
546	10710133	10724868	10728508	0	15	24	38	32	46	19	26	62	21
43	10728508	10742426	10756807	0	19	12	53	15	30	23	29	47	35
686	10756807	10756807	10761287	3	13	14	22	12	20	16	25	21	33
248	10759540	10761287	10762275	0	15	24	38	32	46	19	26	62	21
264	10762275	10762275	10765299	4	12	32	24	14	68	38	46	13	16
841	10765299	10765299	10776387	4	12	32	24	14	68	38	46	13	16
918	10762275	10782052	10785402	0	20	28	15	75	16	54	38	14	13
26	10785402	10804834	10811334	0	15	24	38	32	46	19	26	62	21
743	10811334	10827546	10839698	0	18	17	51	43	16	12	21	30	29
786	10839698	10854411	10860443	0	15	24	38	32	46	19	26	62	21
604	10860443	10860443	10866603	4	12	32	24	14	68	38	46	13	16
431	10860443	10880220	10883045	0	20	28	15	75	16	54	38	14	13
929	10883045	10898820	10902354	0	18	17	51	43	16	12	21	30	29
405	10902354	10921481	10931409	0	19	12	53	15	30	23	29	47	35
935	10931409	10938778	10942048	0	20	13	36	68	14	12	19	35	17
498	10942048	10958689	10959129	0	61	28	15	20	59	36	19	29	16
655	10959129	10971817	10976854	0	19	12	53	15	30	23	29	47	35
105	10976854	10994519	11004067	0	18	17	51	43	16	12	21	30	29
910	11004067	11004067	11014651	4	12	32	24	14	68	38	46	13	16
905	11004067	11023194	11032830	0	19	12	53	15	30	23	29	47	35
25	11032830	11032830	11034902	4	12	32	24	14	68	38	46	13	16
463	11034902	11034902	11044582	3	13	14	22	12	20	16	25	21	33
513	11034187	11044582	11046707	0	20	28	15	75	16	54	38	14	13
879	11046707	11046707	11055827	3	13	14	22	12	20	16	25	21	33
549	11053497	11055827	11066915	0	61	28	15	20	59	36	19	29	16
563	11066915	11083834	11087084	0	20	28	15	75	16	54	38	14	13
600	11087084	11099024	11101207	0	30	37	21	17	18	16	53	38	25
28	11101207	11116360	11119870	0	20	13	36	68	14	12	19	35	17
715	11119870	11119870	11123950	3	13	14	22	12	20	16	25	21	33
89	11119870	11132257	11144521	0	19	12	53	15	30	23	29	47	35
975	11144521	11144521	11146985	4	12	32	24	14	68	38	46	13	16
850	11144521	11147604	11157900	0	61	28	15	20	59	36	19	29	16
229	11157900	11176113	11183016	0	30	37	21	17	18	16	53	38	25
906	11183016	11193775	11206623	0	61	28	15	20	59	36	19	29	16
342	11206623	11223542	11226017	0	20	28	15	75	16	54	38	14	13
266	11226017	11244577	11245717	0	20	13	36	68	14	12	19	35	17
181	11245717	11258104	11270003	0	19	12	53	15	30	23	29	47	35
192	11270003	11279243	11279360	0	31	21	20	12	64	66	57	46	15
84	11279360	11298995	11307367	0	15	24	38	32	46	19	26	62	21
996	11307367	11321285	11328804	0	19	12	53	15	30	23	29	47	35
916	11328804	11346469	11350933	0	18	17	51	43	16	12	21	30	29
849	11350933	11350933	11356513	0	18	17	51	43	16	12	21	30	29
208	11356513	11356513	11365633	3	13	14	22	12	20	16	25	21	33
708	11356513	11375640	11380823	0	19	12	53	15	30	23	29	47	35
716	11380823	11382570	11389434	0	15	24	38	32	46	19	26	62	21
391	11389434	11405646	11410296	0	18	17	51	43	16	12	21	30	29
746	11410296	11419836	11419926	0	20	13	36	68	14	12	19	35	17
64	11419926	11428906	11438228	0	30	37	21	17	18	16	53	38	25
984	11438228	11438228	11442228	3	13	14	22	12	20	16	25	21	33
366	11438228	11453381	11454671	0	20	13	36	68	14	12	19	35	17
9	11454671	11473713	11475963	0	20	28	15	75	16	54	38	14	13
258	11475963	11487903	11492092	0	30	37	21	17	18	16	53	38	25
280	11492092	11506827	11508699	0	15	24	38	32	46	19	26	62	21
295	11508699	11526915	11527068	0	31	21	20	12	64	66	57	46	15
828	11527068	11546703	11548471	0	15	24	38	32	46	19	26	62	21
311	11548471	11548471	11551751	3	13	14	22	12	20	16	25	21	33
436	11551751	11551751	11566071	3	13	14	22	12	20	16	25	21	33
917	11554460	11566071	11578303	0	61	28	15	20	59	36	19	29	16
408	11578303	11578303	11593343	3	13	14	22	12	20	16	25	21	33
16	11593095	11593343	11595353	0	20	13	36	68	14	12	19	35	17
561	11595353	11607740	11614529	0	19	12	53	15	30	23	29	47	35
866	11614529	11614529	11617105	4	12	32	24	14	68	38	46	13	16
56	11614529	11618945	11627559	0	30	37	21	17	18	16	53	38	25
302	11627559	11627559	11627913	0	30	37	21	17	18	16	53	38	25
874	11627913	11627913	11633913	3	13	14	22	12	20	16	25	21	33
950	11633913	11633913	11635833	3	13	14	22	12	20	16	25	21	33
770	11627913	11639986	11642404	0	18	17	51	43	16	12	21	30	29
503	11642404	11648025	11648538	0	31	21	20	12	64	66	57	46	15
32	11648538	11658643	11669520	0	19	12	53	15	30	23	29	47	35
467	11669520	11669520	11670360	4	12	32	24	14	68	38	46	13	16
882	11670360	11670360	11671080	3	13	14	22	12	20	16	25	21	33
662	11669520	11679915	11683915	0	20	28	15	75	16	54	38	14	13
986	11683915	11695855	11697920	0	30	37	21	17	18	16	53	38	25
184	11697920	11697920	11707596	0	30	37	21	17	18	16	53	38	25
87	11707596	11719669	11720909	0	18	17	51	43	16	12	21	30	29
897	11720909	11729802	11741425	0	30	37	21	17	18	16	53	38	25
554	11741425	11741425	11756945	3	13	14	22	12	20	16	25	21	33
107	11753268	11756945	11757116	0	31	21	20	12	64	66	57	46	15
159	11757116	11757793	11758673	0	61	28	15	20	59	36	19	29	16
709	11758673	11759949	11764525	0	15	24	38	32	46	19	26	62	21
410	11764525	11783414	11784884	0	20	13	36	68	14	12	19	35	17
94	11784884	11795007	11806787	0	18	17	51	43	16	12	21	30	29
586	11806787	11815680	11824648	0	30	37	21	17	18	16	53	38	25
953	11824648	11836721	11836845	0	18	17	51	43	16	12	21	30	29
690	11836845	11855972	11868601	0	19	12	53	15	30	23	29	47	35
417	11868601	11877841	11879038	0	31	21	20	12	64	66	57	46	15
425	11879038	11879038	11886598	4	12	32	24	14	68	38	46	13	16
668	11885921	11886598	11899886	0	61	28	15	20	59	36	19	29	16
598	11899886	11913946	11914675	0	31	21	20	12	64	66	57	46	15
883	11914675	11914675	11930435	3	13	14	22	12	20	16	25	21	33
373	11929936	11930435	11933039	0	18	17	51	43	16	12	21	30	29
779	11933039	11947633	11952533	0	20	28	15	75	16	54	38	14	13
788	11952533	11954863	11966567	0	61	28	15	20	59	36	19	29	16
626	11966567	11983486	11987611	0	20	28	15	75	16	54	38	14	13
233	11987611	11999551	12007044	0	30	37	21	17	18	16	53	38	25
220	12007044	12013745	12025644	0	19	12	53	15	30	23	29	47	35
675	12025644	12036039	12037539	0	20	28	15	75	16	54	38	14	13
537	12037539	12039869	12053245	0	61	28	15	20	59	36	19	29	16
839	12053245	12067305	12069015	0	31	21	20	12	64	66	57	46	15
131	12069015	12079120	12089267	0	19	12	53	15	30	23	29	47	35
11	12089267	12089267	12100874	0	19	12	53	15	30	23	29	47	35
476	12100874	12110114	12111338	0	31	21	20	12	64	66	57	46	15
578	12111338	12111837	12121881	0	18	17	51	43	16	12	21	30	29
784	12121881	12127502	12127997	0	31	21	20	12	64	66	57	46	15
976	12127997	12127997	12128249	0	31	21	20	12	64	66	57	46	15
500	12128249	12128249	12133905	4	12	32	24	14	68	38	46	13	16
478	12128249	12139984	12142909	0	20	28	15	75	16	54	38	14	13
576	12142909	12158684	12161598	0	18	17	51	43	16	12	21	30	29
807	12161598	12176192	12176992	0	20	28	15	75	16	54	38	14	13
958	12176992	12184668	12187004	0	19	12	53	15	30	23	29	47	35
831	12187004	12187004	12193108	4	12	32	24	14	68	38	46	13	16
536	12193108	12193108	12196300	4	12	32	24	14	68	38	46	13	16
553	12196300	12196300	12198204	4	12	32	24	14	68	38	46	13	16
211	12190835	12198204	12202914	0	20	13	36	68	14	12	19	35	17
201	12202914	12202914	12204514	3	13	14	22	12	20	16	25	21	33
726	12202914	12211894	12221452	0	30	37	21	17	18	16	53	38	25
998	12221452	12225129	12226740	0	31	21	20	12	64	66	57	46	15
793	12226740	12236845	12248306	0	19	12	53	15	30	23	29	47	35
694	12248306	12257546	12259220	0	31	21	20	12	64	66	57	46	15
697	12259220	12261325	12262165	0	20	13	36	68	14	12	19	35	17
362	12262165	12281207	12285957	0	20	28	15	75	16	54	38	14	13
657	12285957	12297897	12305862	0	30	37	21	17	18	16	53	38	25
869	12305862	12305862	12315102	4	12	32	24	14	68	38	46	13	16
872	12305862	12321015	12322125	0	20	13	36	68	14	12	19	35	17
858	12322125	12332248	12343904	0	18	17	51	43	16	12	21	30	29
528	12343904	12352797	12361588	0	30	37	21	17	18	16	53	38	25
736	12361588	12365265	12366822	0	31	21	20	12	64	66	57	46	15
723	12366822	12366822	12369942	3	13	14	22	12	20	16	25	21	33
748	12366822	12376927	12386198	0	19	12	53	15	30	23	29	47	35
441	12386198	12396593	12396918	0	20	28	15	75	16	54	38	14	13
455	12396918	12412693	12418831	0	18	17	51	43	16	12	21	30	29
