121	55	55	343	0	19	20	-1
38	85	85	10795	1	24	30	34
158	10795	25778	26786	1	18	25	26
453	343	343	7003	0	19	20	-1
424	10795	24338	32178	0	22	24	30
149	26786	26786	33017	6	18	19	-1
357	33017	33017	39315	6	18	19	-1
205	39315	39315	50263	7	18	28	32
27	24338	27357	28337	1	20	22	29
343	33050	50263	51085	1	18	25	26
440	51085	52146	55266	0	19	20	25
432	52247	55266	55366	1	20	22	29
261	998	998	14930	2	-1	-1	40
161	55366	55366	63556	0	-1	20	25
237	63556	63556	65076	1	20	22	29
367	60523	65076	66552	0	19	20	24
191	65076	82289	82835	1	18	25	26
129	79816	82835	86715	1	20	22	29
380	84989	86715	91560	1	24	30	34
102	83580	86715	90615	0	19	20	25
386	82835	82835	87595	7	18	28	32
268	90615	90615	91590	0	-1	20	25
130	87595	87595	88479	7	18	28	32
22	91590	91590	98350	0	-1	20	25
334	98350	98350	104070	0	-1	20	25
289	104070	104070	107190	0	-1	20	25
323	91560	91560	97000	1	24	30	34
93	107190	107190	114340	0	-1	20	25
190	105986	114340	127868	0	18	19	27
13	110428	127868	131508	0	22	24	30
419	131508	131508	144173	1	24	30	34
474	128536	131508	143167	0	18	19	27
124	143167	143167	153887	6	18	19	-1
437	144173	161613	166093	0	22	24	30
291	14930	14930	28776	2	-1	-1	40
436	165032	166093	166808	0	19	20	25
31	153887	153887	161027	7	18	28	32
186	166808	166808	174543	0	-1	20	25
247	166093	166093	173530	6	18	19	-1
58	172683	174543	177723	1	20	22	29
172	173530	181884	189894	0	18	19	27
95	28776	28776	35914	2	-1	-1	40
82	177723	194936	195794	1	18	25	26
40	35914	35914	40472	2	-1	-1	40
143	195794	195794	208306	7	18	28	32
233	208306	208306	214902	7	18	28	32
259	40472	40472	50792	2	-1	-1	40
313	195794	200492	201987	0	19	20	25
277	178707	195794	201574	1	24	30	34
230	214902	214902	216942	7	18	28	32
331	216942	216942	227618	7	18	28	32
139	201574	201574	212199	1	24	30	34
347	210339	212199	215679	1	20	22	29
83	213953	215679	220014	1	24	30	34
270	227618	227618	232174	7	18	28	32
118	220014	238512	245232	0	22	24	30
231	232174	232174	245507	6	18	19	-1
137	245507	246568	258398	0	19	20	25
290	245232	245232	253392	1	24	30	34
416	256538	258398	260218	1	20	22	29
477	255665	260218	266230	0	19	20	24
294	266230	266230	267890	1	20	22	29
383	266230	269365	275995	0	19	20	25
395	275995	275995	284185	0	-1	20	25
292	284185	301398	301536	1	18	25	26
188	301536	301536	313886	0	-1	20	25
148	301536	301536	311385	6	18	19	-1
361	311385	311385	317616	6	18	19	-1
319	317616	325970	337184	0	18	19	27
89	337184	341882	345262	0	19	20	25
311	342243	345262	347062	1	20	22	29
66	342509	347062	347818	0	19	20	24
381	347818	347818	348138	1	20	22	29
400	348138	365351	365423	1	18	25	26
43	365423	379217	395593	0	18	19	27
494	395593	395593	405521	7	18	28	32
238	362404	365423	368883	1	20	22	29
87	405521	405521	410412	6	18	19	-1
24	410412	410412	411296	7	18	28	32
336	368883	368883	371863	1	20	22	29
402	410412	415110	418360	0	19	20	25
1	370137	371863	381978	1	24	30	34
302	415110	415110	425763	6	18	19	-1
123	50792	50792	58360	2	-1	-1	40
64	425763	425763	429984	6	18	19	-1
354	429984	429984	435344	6	18	19	-1
157	430791	435344	440312	0	19	20	24
212	435344	435344	436568	7	18	28	32
208	440312	443447	455342	0	19	20	25
486	450789	455342	459446	0	19	20	24
96	445652	459446	467189	0	18	19	27
264	455342	455342	467837	1	24	30	34
332	465977	467837	469577	1	20	22	29
120	467189	467189	469093	7	18	28	32
349	469093	469093	475190	6	18	19	-1
132	58360	58360	63262	2	-1	-1	40
192	63262	63262	67046	2	-1	-1	40
77	467851	469577	472552	1	24	30	34
260	470692	472552	476452	1	20	22	29
418	475190	475190	478205	6	18	19	-1
56	476452	493892	498772	0	22	24	30
63	497711	498772	507352	0	19	20	25
225	507352	507352	511772	0	-1	20	25
222	507219	511772	515768	0	19	20	24
59	67046	67046	71690	2	-1	-1	40
79	515768	515768	519168	1	20	22	29
403	516033	519168	526318	0	19	20	25
414	71690	71690	74356	2	-1	-1	40
97	526318	526318	526678	1	20	22	29
165	522125	526678	528550	0	19	20	24
384	514756	528550	529796	0	18	19	27
374	529796	534494	539434	0	19	20	25
202	534494	534494	545214	6	18	19	-1
99	545214	545214	546822	6	18	19	-1
318	526678	545176	547736	0	22	24	30
17	547736	547736	553776	0	-1	-1	30
155	74356	74356	83128	2	-1	-1	40
479	550804	553776	561964	0	18	19	27
366	83128	83128	86568	2	-1	-1	40
473	561964	561964	563505	6	18	19	-1
236	563505	568203	577368	0	19	20	25
109	558870	577368	583048	0	22	24	30
245	568203	568203	580665	6	18	19	-1
60	577368	577368	580228	1	20	22	29
48	580665	580665	591586	6	18	19	-1
322	591586	591586	598085	6	18	19	-1
219	581322	583048	584833	1	24	30	34
183	598085	598085	609917	7	18	28	32
61	609917	609917	611123	6	18	19	-1
248	86568	86568	90180	2	-1	-1	40
449	90180	90180	96974	2	-1	-1	40
223	611123	612184	619399	0	19	20	25
140	619399	619399	626029	0	-1	20	25
443	626029	641012	641690	1	18	25	26
345	641690	641690	642884	1	18	25	-1
179	639865	642884	646084	1	20	22	29
224	646084	664582	667462	0	22	24	30
355	667462	667462	672422	0	-1	-1	30
282	646084	663297	664365	1	18	25	26
207	669450	672422	686840	0	18	19	27
74	686840	686840	691597	6	18	19	-1
272	96974	96974	108928	2	-1	-1	40
335	691597	691597	694045	7	18	28	32
46	691597	696295	703770	0	19	20	25
198	703770	703770	703830	1	18	25	-1
447	703830	703830	703920	1	18	25	-1
330	700901	703920	707680	1	20	22	29
104	705954	707680	715840	1	24	30	34
305	703920	703920	706980	7	18	28	32
243	108928	108928	113142	2	-1	-1	40
425	713980	715840	719160	1	20	22	29
228	113142	113142	128966	2	-1	-1	40
152	719160	736373	737003	1	18	25	26
125	737003	737003	739733	0	-1	20	25
266	719916	737003	749498	1	24	30	34
0	749498	767996	768716	0	22	24	30
144	737003	737003	749379	7	18	28	32
351	765744	768716	783401	0	18	19	27
127	768418	783401	783533	1	18	25	26
389	767996	785436	793276	0	22	24	30
267	783533	783533	795229	7	18	28	32
475	795229	795229	805614	6	18	19	-1
167	805614	808586	819088	0	18	19	27
281	819088	819088	823577	6	18	19	-1
301	128966	128966	130428	2	-1	-1	40
428	823577	823577	836838	0	18	19	27
353	836838	836838	846151	6	18	19	-1
358	846151	846151	854124	6	18	19	-1
392	776189	793276	795571	1	24	30	34
407	845220	854124	855420	0	19	20	24
324	854124	854124	854889	1	24	30	34
115	854124	854124	864732	7	18	28	32
156	854889	869872	870094	1	18	25	26
297	130428	130428	141092	2	-1	-1	40
398	870094	870094	870298	7	18	28	32
9	870298	870298	874854	7	18	28	32
442	874854	874854	882492	6	18	19	-1
426	141092	141092	152960	2	-1	-1	40
401	882492	882492	882626	6	18	19	-1
135	882626	885761	898046	0	19	20	25
346	889692	898046	914956	0	18	19	27
150	897516	914956	918196	0	22	24	30
103	914956	917975	921855	1	20	22	29
394	921855	921855	925035	1	20	22	29
81	152960	152960	167322	2	-1	-1	40
472	914956	914956	923599	6	18	19	-1
462	923599	923599	930331	7	18	28	32
163	167322	167322	180996	2	-1	-1	40
287	923974	925035	929585	0	19	20	25
100	930331	938685	951590	0	18	19	27
69	180996	180996	193036	2	-1	-1	40
360	951590	951590	959066	0	18	19	27
211	941626	959066	960866	0	22	24	30
80	959066	959066	959334	6	18	19	-1
326	960866	960866	965826	0	-1	-1	30
387	964100	965826	968546	1	24	30	34
244	968546	968546	969426	0	-1	-1	30
25	969426	969426	975186	0	-1	-1	30
6	968546	983529	984633	1	18	25	26
262	984633	984633	985370	6	18	19	-1
327	985370	985370	989591	6	18	19	-1
406	989591	990652	1003457	0	19	20	25
105	998904	1003457	1008173	0	19	20	24
411	1008173	1008173	1012796	6	18	19	-1
229	1012796	1012796	1020233	6	18	19	-1
339	1020233	1020233	1025333	7	18	28	32
498	986370	1003457	1009917	1	24	30	34
16	193036	193036	196132	2	-1	-1	40
178	1025333	1039127	1048828	0	18	19	27
153	1048828	1053526	1063536	0	19	20	25
499	196132	196132	199830	2	-1	-1	40
456	1063536	1078519	1078789	1	18	25	26
396	1075770	1078789	1081509	1	20	22	29
76	1076956	1081509	1087197	0	19	20	24
174	1078789	1078789	1088853	7	18	28	32
363	1088853	1088853	1099665	7	18	28	32
320	1099665	1099665	1105762	6	18	19	-1
350	1079783	1081509	1087799	1	24	30	34
365	1105762	1119556	1128278	0	18	19	27
154	1087799	1087799	1089499	1	24	30	34
463	1087639	1089499	1090079	1	20	22	29
162	1128278	1132976	1145911	0	19	20	25
469	1128278	1128278	1128550	7	18	28	32
489	1128550	1128550	1139702	7	18	28	32
448	1139702	1139702	1144124	6	18	19	-1
128	1144124	1144124	1145397	6	18	19	-1
255	1145911	1145911	1151176	0	-1	20	25
62	1151176	1151176	1154096	1	20	22	29
20	1154096	1154096	1158451	0	-1	20	25
44	1145397	1145397	1146689	7	18	28	32
370	1150097	1158451	1167084	0	18	19	27
377	1167084	1167084	1174115	0	18	19	27
454	1165211	1174115	1180487	0	19	20	24
455	1180487	1180487	1191140	6	18	19	-1
409	1173927	1191140	1191608	1	18	25	26
210	1191608	1191608	1193648	7	18	28	32
50	1174115	1187658	1190378	0	22	24	30
234	1190378	1190378	1193538	0	-1	-1	30
34	1193648	1196620	1202494	0	18	19	27
481	1202494	1202494	1208055	6	18	19	-1
33	1208055	1212753	1224323	0	19	20	25
169	1205825	1224323	1229563	0	22	24	30
94	1212753	1212753	1223004	6	18	19	-1
23	1224323	1227342	1231062	1	20	22	29
430	1226591	1229563	1244248	0	18	19	27
180	1229336	1231062	1247722	1	24	30	34
253	1244248	1244248	1249944	0	18	19	27
458	1247722	1262705	1263281	1	18	25	26
256	1247722	1265162	1272802	0	22	24	30
239	199830	199830	203528	2	-1	-1	40
307	1269830	1272802	1282592	0	18	19	27
51	1282592	1287290	1294050	0	19	20	25
19	1255715	1272802	1277392	1	24	30	34
321	1294050	1294050	1303085	0	-1	20	25
382	203528	203528	208000	2	-1	-1	40
196	1301225	1303085	1303505	1	20	22	29
108	1294731	1303085	1305132	0	18	19	27
220	1303505	1303505	1304845	1	20	22	29
373	1303119	1304845	1319380	1	24	30	34
10	1305132	1305132	1317780	7	18	28	32
451	1319380	1319380	1323290	1	24	30	34
279	1323290	1340730	1342850	0	22	24	30
333	1342850	1342850	1356620	1	24	30	34
263	1339878	1342850	1343473	0	18	19	27
187	1356620	1374060	1381100	0	22	24	30
235	1356620	1371603	1372563	1	18	25	26
303	1380039	1381100	1387145	0	19	20	25
371	1378791	1387145	1396490	0	18	19	27
138	208000	208000	217890	2	-1	-1	40
170	1384126	1387145	1389925	1	20	22	29
206	1396490	1396490	1409478	7	18	28	32
241	1409478	1409478	1418998	7	18	28	32
429	1389925	1389925	1391885	1	20	22	29
71	1418998	1418998	1430694	7	18	28	32
300	1413481	1430694	1431834	1	18	25	26
446	1414747	1431834	1439909	1	24	30	34
464	1439909	1457349	1464869	0	22	24	30
495	1457349	1459209	1461789	1	20	22	29
215	1463143	1464869	1476599	1	24	30	34
252	1474739	1476599	1477199	1	20	22	29
141	217890	217890	230532	2	-1	-1	40
164	1477199	1494412	1495252	1	18	25	26
28	1476599	1480953	1487397	0	19	20	24
122	1495252	1495252	1502392	7	18	28	32
325	1480953	1494496	1498056	0	22	24	30
278	1496995	1498056	1503841	0	19	20	25
352	1480969	1498056	1501201	1	24	30	34
214	1501201	1519699	1524299	0	22	24	30
285	1519945	1524299	1529447	0	19	20	24
85	1529447	1529447	1533936	6	18	19	-1
269	1533936	1537071	1541296	0	19	20	25
65	1524299	1524299	1529569	1	24	30	34
348	1529569	1548067	1554427	0	22	24	30
445	1541296	1556279	1556945	1	18	25	26
242	1556945	1556945	1557503	1	18	25	-1
465	230532	230532	239390	2	-1	-1	40
408	1554484	1557503	1558063	1	20	22	29
356	1556337	1558063	1561973	1	24	30	34
405	1557503	1560475	1563768	0	18	19	27
314	1563768	1568466	1580101	0	19	20	25
404	1568466	1568466	1573357	6	18	19	-1
126	1578241	1580101	1582181	1	20	22	29
49	1580455	1582181	1597056	1	24	30	34
53	1597056	1601609	1603085	0	19	20	24
73	1601225	1603085	1604885	1	20	22	29
68	1604885	1604885	1609745	0	19	20	-1
375	1604885	1622098	1622824	1	18	25	26
113	1622824	1636618	1653172	0	18	19	27
173	239390	239390	247302	2	-1	-1	40
37	1619805	1622824	1623784	1	20	22	29
42	247302	247302	261062	2	-1	-1	40
420	1622058	1623784	1628969	1	24	30	34
433	1627109	1628969	1632129	1	20	22	29
497	1632129	1632129	1634889	1	20	22	29
286	1634889	1634889	1637529	1	20	22	29
391	1644268	1653172	1653784	0	19	20	24
159	1653172	1666715	1668715	0	22	24	30
111	1666989	1668715	1675345	1	24	30	34
492	1667654	1668715	1678725	0	19	20	25
315	1676865	1678725	1680845	1	20	22	29
434	1653172	1653172	1653648	7	18	28	32
195	1653648	1653648	1667180	7	18	28	32
221	261062	261062	263814	2	-1	-1	40
359	1680845	1680845	1683770	0	-1	20	25
117	1683770	1700983	1702081	1	18	25	26
379	1702081	1702081	1708647	6	18	19	-1
36	1704094	1708647	1710807	0	19	20	24
78	1708647	1722190	1723510	0	22	24	30
470	1708647	1708647	1711299	7	18	28	32
217	1706423	1723510	1732520	1	24	30	34
131	1711299	1711299	1722488	6	18	19	-1
283	263814	263814	270694	2	-1	-1	40
467	270694	270694	277488	2	-1	-1	40
485	1722488	1722488	1727112	7	18	28	32
101	1732520	1736874	1742886	0	19	20	24
30	1742886	1742886	1745910	0	19	20	-1
213	1745910	1745910	1749662	6	18	19	-1
151	1749662	1749662	1756054	7	18	28	32
257	1749662	1749662	1753478	0	19	20	-1
372	1753478	1756613	1765193	0	19	20	25
435	1763333	1765193	1766353	1	20	22	29
274	1761800	1766353	1766533	0	19	20	24
57	1756054	1756054	1764350	7	18	28	32
275	1764350	1764350	1766322	7	18	28	32
203	1766533	1769668	1777988	0	19	20	25
209	1777988	1777988	1785138	0	-1	20	25
52	1769668	1769668	1780723	6	18	19	-1
246	1785138	1802351	1802537	1	18	25	26
293	1802537	1802537	1802673	7	18	28	32
368	1802537	1802537	1806372	0	-1	20	25
177	1801819	1806372	1808244	0	19	20	24
427	1789285	1806372	1810282	1	24	30	34
189	1802673	1802673	1806413	7	18	28	32
316	1808244	1811379	1813459	0	19	20	25
468	1810282	1814835	1819407	0	19	20	24
41	1819407	1822542	1824492	0	19	20	25
415	277488	277488	278950	2	-1	-1	40
364	1824492	1839475	1839541	1	18	25	26
204	1839541	1839541	1845035	6	18	19	-1
145	1836522	1839541	1843321	1	20	22	29
482	1840482	1845035	1846511	0	19	20	24
110	1845035	1858578	1859458	0	22	24	30
417	1857732	1859458	1869488	1	24	30	34
184	1846511	1846511	1852541	6	18	19	-1
304	278950	278950	289012	2	-1	-1	40
265	1858397	1859458	1860888	0	19	20	25
240	1852541	1852541	1858593	7	18	28	32
299	1869488	1884471	1884675	1	18	25	26
91	289012	289012	304836	2	-1	-1	40
271	1881656	1884675	1885055	1	20	22	29
7	1883329	1885055	1894490	1	24	30	34
29	304836	304836	307846	2	-1	-1	40
284	1884675	1884675	1887191	7	18	28	32
106	1892630	1894490	1897970	1	20	22	29
119	1897970	1897970	1901210	1	20	22	29
439	1887191	1887191	1897187	7	18	28	32
160	1901210	1918423	1919119	1	18	25	26
39	1901210	1919708	1925868	0	22	24	30
459	1919119	1919119	1931849	6	18	19	-1
460	1931849	1931849	1944429	7	18	28	32
362	1925868	1925868	1931468	0	-1	-1	30
478	1944429	1947401	1958526	0	18	19	27
412	1958526	1963224	1975899	0	19	20	25
295	1975899	1975899	1976997	1	18	25	-1
146	1957401	1975899	1978899	0	22	24	30
288	1977838	1978899	1986959	0	19	20	25
296	1978899	1978899	1983187	6	18	19	-1
484	1982406	1986959	1991243	0	19	20	24
308	307846	307846	321606	2	-1	-1	40
18	1991243	1991243	1994771	0	19	20	-1
298	1983187	1996981	1997604	0	18	19	27
67	1997604	1997604	1998180	1	18	25	-1
306	1988700	1997604	2003688	0	19	20	24
166	321606	321606	334764	2	-1	-1	40
493	2003688	2003688	2005430	6	18	19	-1
450	334764	334764	349384	2	-1	-1	40
45	2005430	2005430	2005899	6	18	19	-1
317	2005899	2005899	2006763	1	18	25	-1
388	2006763	2006763	2007717	1	18	25	-1
312	1990630	2007717	2019957	1	24	30	34
14	2007717	2021511	2024804	0	18	19	27
423	2019957	2028861	2034261	0	19	20	24
258	2024804	2038598	2049990	0	18	19	27
86	2049990	2054688	2061968	0	19	20	25
147	2057415	2061968	2066792	0	19	20	24
226	2061968	2061968	2071318	1	24	30	34
476	2049990	2049990	2061686	7	18	28	32
92	2061686	2075480	2092568	0	18	19	27
4	2069458	2071318	2071998	1	20	22	29
168	2092568	2092568	2097727	6	18	19	-1
280	2075128	2092568	2099768	0	22	24	30
487	2080514	2097727	2098219	1	18	25	26
393	2099768	2099768	2106288	0	-1	-1	30
490	2098219	2098219	2106795	6	18	19	-1
329	2106795	2107856	2113511	0	19	20	25
5	2095013	2113511	2118671	0	22	24	30
397	2118671	2118671	2121551	0	-1	-1	30
199	2107856	2107856	2120519	6	18	19	-1
422	2120519	2120519	2121437	1	18	25	-1
11	2121437	2121437	2122025	1	18	25	-1
254	2122025	2124997	2134609	0	18	19	27
3	2119006	2122025	2125365	1	20	22	29
483	2134609	2134609	2136284	6	18	19	-1
70	2125365	2125365	2126945	1	20	22	29
194	2125219	2126945	2131875	1	24	30	34
193	2131875	2146858	2147788	1	18	25	26
84	2147788	2152486	2159441	0	19	20	25
385	2154888	2159441	2165777	0	19	20	24
32	2151983	2165777	2169604	0	18	19	27
310	2160700	2169604	2172304	0	19	20	24
232	2169604	2183398	2189450	0	18	19	27
250	2169285	2172304	2173244	1	20	22	29
21	2171518	2173244	2188204	1	24	30	34
496	349384	349384	355834	2	-1	-1	40
2	2189450	2189450	2193135	6	18	19	-1
376	2188204	2205644	2205764	0	22	24	30
413	2188204	2203187	2203295	1	18	25	26
54	2205644	2209998	2216298	0	19	20	24
26	2203295	2203295	2211455	7	18	28	32
142	2213279	2216298	2216898	1	20	22	29
72	2216898	2230441	2231441	0	22	24	30
369	2230441	2234795	2237171	0	19	20	24
488	2237171	2237171	2243111	0	19	20	-1
399	2243111	2243111	2245847	0	19	20	-1
8	2232053	2245847	2254302	0	18	19	27
201	2237089	2254302	2255118	1	18	25	26
175	2252099	2255118	2257518	1	20	22	29
444	2248614	2257518	2259138	0	19	20	24
218	355834	355834	370196	2	-1	-1	40
171	2255792	2257518	2264063	1	24	30	34
431	2259138	2262273	2268773	0	19	20	25
461	2268773	2268773	2271178	0	-1	20	25
276	2264063	2264063	2268228	1	24	30	34
309	2262273	2262273	2271988	6	18	19	-1
249	2268228	2268228	2284718	1	24	30	34
410	370196	370196	382580	2	-1	-1	40
328	2284718	2299701	2300781	1	18	25	26
55	2300781	2300781	2302685	7	18	28	32
116	2284718	2301805	2317700	1	24	30	34
421	2300781	2300781	2308711	0	-1	20	25
134	2317700	2317700	2330620	1	24	30	34
344	2330620	2349118	2355478	0	22	24	30
441	2355478	2355478	2358918	0	-1	-1	30
452	2358918	2358918	2366598	0	-1	-1	30
466	2362244	2366598	2368650	0	19	20	24
185	2330620	2345603	2345609	1	18	25	26
114	2345609	2345609	2346365	1	18	25	-1
457	2346365	2346365	2355069	7	18	28	32
75	2355069	2355069	2355501	1	18	25	-1
438	2355501	2355501	2356249	7	18	28	32
182	382580	382580	399608	2	-1	-1	40
88	2365631	2368650	2372110	1	20	22	29
480	2370384	2372110	2387325	1	24	30	34
200	399608	399608	414056	2	-1	-1	40
491	2372110	2372110	2375458	0	19	20	-1
340	2387325	2402308	2402554	1	18	25	26
107	2387325	2400868	2405868	0	22	24	30
273	2402554	2402554	2414318	7	18	28	32
197	2414318	2414318	2420683	6	18	19	-1
136	2420683	2423655	2440565	0	18	19	27
112	414056	414056	419560	2	-1	-1	40
47	2431661	2440565	2443157	0	19	20	24
90	419560	419560	423602	2	-1	-1	40
341	2440565	2454108	2462028	0	22	24	30
378	2440565	2440565	2441279	1	18	25	-1
216	2459056	2462028	2470839	0	18	19	27
471	2461935	2470839	2475231	0	19	20	24
15	423602	423602	432460	2	-1	-1	40
338	2470839	2484382	2487662	0	22	24	30
98	2484690	2487662	2499143	0	18	19	27
337	2499143	2499143	2500139	1	18	25	-1
227	2490239	2499143	2500943	0	19	20	24
390	2500139	2513933	2523634	0	18	19	27
133	2523634	2523634	2531942	6	18	19	-1
251	2523038	2531942	2532554	0	19	20	24
342	2531942	2545485	2547365	0	22	24	30
181	2530278	2547365	2548470	1	24	30	34
35	2544393	2547365	2558401	0	18	19	27
176	2558401	2558401	2570981	7	18	28	32
12	2548470	2548470	2551870	1	24	30	34
