35	119	119	6059	0	-1
58	6059	19767	19824	0	4
52	19824	22557	26937	0	5
67	26937	26937	32577	0	-1
85	32577	49010	51696	0	5
34	51696	53946	54546	0	5
91	54546	70979	72373	0	5
66	72373	72373	73053	0	-1
17	73053	91977	92019	0	4
37	1553	1553	2910	2
65	92019	97792	100288	0	4
29	100288	100288	102472	0	-1
2	102472	102472	103681	0	-1
82	103681	112929	114729	0	5
44	114729	114729	119889	0	-1
19	2910	2910	4773	2
77	119889	125935	126910	0	4
98	4773	4773	4957	2
16	126910	137345	137350	0	4
14	137350	140083	141703	0	5
25	141703	141703	143983	0	-1
97	143983	143983	147223	0	-1
38	4957	4957	6958	2
84	147223	153269	154478	0	4
78	154478	163726	165526	0	5
15	165526	181959	182843	0	5
5	182843	196856	197792	0	4
36	197792	212521	213541	0	5
53	6958	6958	7993	2
94	213541	213541	215343	0	-1
87	7993	7993	9626	2
26	215343	234267	234339	0	4
28	234339	234339	234388	0	-1
99	234388	237121	237541	0	5
79	237541	237541	242581	0	-1
12	242581	248627	251474	0	4
64	251474	261909	261943	0	4
47	261943	264676	268816	0	5
63	9626	9626	10523	2
31	10523	10523	11190	2
49	268816	274862	276773	0	4
24	276773	287208	287288	0	4
51	287288	298017	299853	0	5
30	299853	302103	305163	0	5
57	305163	321596	323160	0	5
90	323160	323160	324792	0	-1
39	324792	338805	339468	0	4
89	339468	349903	349921	0	4
43	11190	11190	12616	2
75	349921	360650	362146	0	5
48	362146	381070	381111	0	4
6	12616	12616	14571	2
60	381111	383844	386304	0	5
41	386304	392350	392818	0	4
46	14571	14571	15330	2
92	15330	15330	17492	2
93	392818	392818	394144	0	-1
21	394144	403392	409212	0	5
3	409212	415258	418261	0	4
68	418261	432990	433568	0	5
7	433568	452492	452528	0	4
10	452528	458301	459471	0	4
83	459471	469906	469929	0	4
81	469929	469929	469969	0	-1
50	469969	469969	470040	0	-1
27	470040	472773	474453	0	5
54	17492	17492	19286	2
20	474453	480499	482254	0	4
0	482254	496983	497119	0	5
32	497119	516043	516115	0	4
4	19286	19286	19608	2
40	516115	516115	516139	0	-1
74	516139	521912	523706	0	4
80	523706	523706	525188	0	-1
86	525188	535623	535665	0	4
55	19608	19608	19953	2
56	19953	19953	21908	2
8	21908	21908	22598	2
22	535665	535665	535741	0	-1
33	535741	535741	535751	0	-1
72	535751	535751	535781	0	-1
23	535781	535781	535826	0	-1
76	535826	535826	535866	0	-1
13	535866	541639	544993	0	4
62	544993	555428	555474	0	4
61	555474	555474	555546	0	-1
69	25417	25417	27510	2
18	555546	566275	568179	0	5
45	568179	570429	576369	0	5
88	576369	576369	578829	0	-1
95	578829	578829	579909	0	-1
96	579909	596342	597022	0	5
73	30104	30104	31921	2
42	597022	611035	612673	0	4
11	612673	621921	622821	0	5
70	622821	628867	631792	0	4
59	32975	32975	34654	2
71	631792	642227	642244	0	4
1	38562	38562	38608	2
9	642244	648017	649928	0	4
