38	18	18	8562	0	-1
71	56	56	1640	1	-1
30	1640	1640	2504	1	-1
81	8562	8562	11442	0	-1
12	11442	11442	12261	0
62	7823	12261	13405	0	5
9	2504	2504	3352	1	-1
14	13405	13405	16133	0	-1
79	3352	3352	4072	1	-1
36	4072	4072	4536	1	-1
60	16133	16133	17750	0
84	17750	17750	19766	0
29	4536	4536	4680	1	-1
40	4680	4680	6248	1	-1
65	19766	19766	21131	0
87	781	781	3301	2
74	3301	3301	4337	2
42	6248	6248	6952	1	-1
39	4337	4337	5037	2
5	15613	21131	23435	0	5
58	23435	23435	33035	0	-1
64	6952	6952	8360	1	-1
57	33035	33035	39851	0	-1
6	39851	39851	40061	0
18	5037	5037	7585	2
92	7585	7585	8173	2
28	34543	40061	42173	0	5
78	8173	8173	9209	2
67	40061	57512	59668	0	5
37	9209	9209	11841	2
51	59668	59668	61453	0
32	11841	11841	14193	2
1	57512	63030	67638	0	5
52	67638	67638	68289	0
85	63851	68289	69213	0	5
44	8360	8360	9624	1	-1
2	68289	85740	87948	0	5
90	85740	103191	104247	0	5
25	14193	14193	16881	2
35	103191	120642	124002	0	5
50	124002	124002	125577	0
19	120642	126160	134032	0	5
63	134032	134032	134767	0
23	134767	134767	136174	0
48	131736	136174	137582	0	5
3	9624	9624	10616	1	-1
4	137582	137582	139052	0
86	139052	139052	140711	0
46	140711	140711	141614	0
16	10616	10616	11304	1	-1
73	137176	141614	144430	0	5
11	16881	16881	18449	2
99	141614	159065	168377	0	5
97	159065	176516	178056	0	5
77	18449	18449	18813	2
80	11304	11304	12904	1	-1
94	178056	178056	180124	0	-1
31	18813	18813	21417	2
22	21417	21417	23489	2
93	180124	180124	181657	0
41	176516	182034	186258	0	5
70	186258	186258	192114	0	-1
7	192114	192114	198066	0	-1
43	182034	199485	200101	0	5
0	23489	23489	23517	2
27	23517	23517	25449	2
82	200101	200101	200416	0
72	25449	25449	27325	2
96	199485	205003	213355	0	5
15	27325	27325	29593	2
59	12904	12904	14264	1	-1
68	213355	213355	214258	0
56	29593	29593	31441	2
95	208740	214258	216178	0	5
17	216178	216178	220786	0	-1
66	220786	220786	224530	0	-1
47	224530	224530	225778	0	-1
8	225778	225778	226933	0
10	16945	16945	17457	1	-1
89	222495	226933	228341	0	5
61	228341	228341	231685	0	-1
49	19472	19472	19872	1	-1
76	231685	231685	233533	0	-1
69	226933	244384	249664	0	5
98	20113	20113	21713	1	-1
20	249664	249664	249979	0
26	21713	21713	21857	1	-1
91	249979	249979	251365	0
55	246927	251365	251849	0	5
88	31441	31441	33205	2
45	22641	22641	23537	1	-1
53	251849	251849	253345	0	-1
13	253345	253345	253697	0	-1
34	251365	268816	271120	0	5
83	33205	33205	35753	2
75	268816	286267	287411	0	5
21	286267	303718	306694	0	5
33	306694	306694	308185	0
54	29616	29616	30944	1	-1
24	303747	308185	309813	0	5
